version 3
run General-0-20250526-17:11:21-51269
attr configname General
attr datetime 20250526-17:11:21
attr datetimef 20250526-171121
attr experiment General
attr inifile omnetpp.ini
attr iterationvars ""
attr iterationvarsd ""
attr iterationvarsf ""
attr measurement ""
attr network Network
attr processid 51269
attr repetition 0
attr replication #0
attr resultdir results
attr runnumber 0
attr seedset 0
config network Network
config sim-time-limit 200s
config Network.node[0].app.interArrivalTime exponential(1)
config Network.node[0].app.packetByteSize 125000
config Network.node[0].app.destination 5
config Network.node[2].app.interArrivalTime exponential(1)
config Network.node[2].app.packetByteSize 125000
config Network.node[2].app.destination 5

vector 0 Network.node[0].net charge ETV
vector 1 Network.node[0].lnk[0] "Buffer Size" ETV
vector 2 Network.node[2].net charge ETV
vector 3 Network.node[2].lnk[0] "Buffer Size" ETV
vector 4 Network.node[7].net charge ETV
vector 5 Network.node[7].lnk[0] "Buffer Size" ETV
vector 6 Network.node[1].net charge ETV
vector 7 Network.node[1].lnk[0] "Buffer Size" ETV
vector 8 Network.node[6].net charge ETV
vector 9 Network.node[6].lnk[0] "Buffer Size" ETV
vector 10 Network.node[5].net charge ETV
vector 11 Network.node[5].app Delay ETV
0	2	0.898560388484	1
0	6	1.821783519955	1
0	36	3.773328855839	1
0	46	3.859804212075	1
0	58	4.324377342509	1
0	71	4.859804212075	1
0	78	5.301383768902	1
0	100	5.786511932624	1
0	106	6.139671071762	1
0	109	6.198055740855	1
0	113	6.52596940626	1
1	3	0.898560388484	1
1	4	0.898560388484	0
1	7	1.821783519955	1
1	12	1.898560388484	0
1	37	3.773328855839	1
1	38	3.773328855839	0
1	47	3.859804212075	1
1	59	4.324377342509	2
1	64	4.773328855839	1
1	72	4.859804212075	2
1	79	5.301383768902	3
1	89	5.773328855839	2
1	101	5.786511932624	3
1	107	6.139671071762	4
1	110	6.198055740855	5
1	114	6.52596940626	6
1	120	6.773328855839	5
2	9	1.859604212075	1
2	18	2.646805352057	1
2	61	4.52576940626	1
2	86	5.563928706924	1
2	103	6.139447903807	1
3	10	1.859604212075	1
3	11	1.859604212075	0
3	19	2.646805352057	1
3	20	2.859604212075	0
3	62	4.52576940626	1
3	63	4.52576940626	0
3	87	5.563928706924	1
3	88	5.563928706924	0
3	104	6.139447903807	1
3	115	6.563928706924	0
4	14	1.898660388484	1
4	28	2.898660388484	1
4	66	4.773428855839	1
4	92	5.773428855839	1
5	15	1.898660388484	1
5	16	1.898660388484	0
5	29	2.898660388484	1
5	30	2.898660388484	0
5	67	4.773428855839	1
5	68	4.773428855839	0
5	93	5.773428855839	1
5	94	5.773428855839	0
6	22	2.859704212075	1
6	42	3.859704212075	1
6	82	5.52586940626	1
6	117	6.564028706924	1
7	23	2.859704212075	1
7	24	2.859704212075	0
7	43	3.859704212075	1
7	44	3.859704212075	0
7	83	5.52586940626	1
7	84	5.52586940626	0
7	118	6.564028706924	1
7	119	6.564028706924	0
8	32	2.898760388484	1
8	51	3.898760388484	1
8	96	5.773528855839	1
9	33	2.898760388484	1
9	34	2.898760388484	0
9	52	3.898760388484	1
9	53	3.898760388484	0
9	97	5.773528855839	1
9	98	5.773528855839	0
10	55	3.898860388484	1
10	75	4.898860388484	1
11	56	3.898860388484	3.0003
11	76	4.898860388484	3.077076868529
0	141	7.564128706924	1
0	163	8.564128706924	1
0	191	9.512968020783	1
1	142	7.564128706924	6
1	143	7.773328855839	5
1	164	8.564128706924	6
1	168	8.773328855839	5
2	158	8.362972325843	1
2	166	8.681328466685	1
2	183	9.164930571633	1
3	159	8.362972325843	1
3	160	8.362972325843	0
3	167	8.681328466685	1
3	184	9.164930571633	2
3	185	9.362972325843	1
4	123	6.773428855839	1
4	146	7.773428855839	1
4	171	8.773428855839	1
5	124	6.773428855839	1
5	125	6.773428855839	0
5	147	7.773428855839	1
5	148	7.773428855839	0
5	172	8.773428855839	1
5	173	8.773428855839	0
6	137	7.564028706924	1
6	187	9.363072325843	1
7	138	7.564028706924	1
7	139	7.564028706924	0
7	188	9.363072325843	1
7	189	9.363072325843	0
8	128	6.773528855839	1
8	151	7.773528855839	1
8	176	8.773528855839	1
9	129	6.773528855839	1
9	130	6.773528855839	0
9	152	7.773528855839	1
9	153	7.773528855839	0
9	177	8.773528855839	1
9	178	8.773528855839	0
10	132	6.773628855839	1
10	155	7.773628855839	1
10	180	8.773628855839	1
11	133	6.773628855839	3.0003
11	156	7.773628855839	5.914024643764
11	181	8.773628855839	4.44925151333
0	217	10.363172325843	1
0	234	11.081864138406	1
0	243	11.363172325843	1
0	263	11.834538251719	1
0	275	12.363172325843	1
0	281	12.673971104619	1
1	192	9.512968020783	6
1	193	9.773328855839	5
1	218	10.363172325843	6
1	219	10.773328855839	5
1	235	11.081864138406	6
1	244	11.363172325843	7
1	248	11.773328855839	6
1	264	11.834538251719	7
1	276	12.363172325843	8
1	282	12.673971104619	9
1	283	12.773328855839	8
2	208	9.814376919884	1
2	246	11.486588120209	1
2	266	12.14047068743	1
2	278	12.639342696446	1
3	209	9.814376919884	2
3	210	10.362972325843	1
3	236	11.362972325843	0
3	247	11.486588120209	1
3	267	12.14047068743	2
3	268	12.362972325843	1
3	279	12.639342696446	2
4	196	9.773428855839	1
4	222	10.773428855839	1
4	251	11.773428855839	1
4	286	12.773428855839	1
5	197	9.773428855839	1
5	198	9.773428855839	0
5	223	10.773428855839	1
5	224	10.773428855839	0
5	252	11.773428855839	1
5	253	11.773428855839	0
5	287	12.773428855839	1
5	288	12.773428855839	0
6	213	10.363072325843	1
6	239	11.363072325843	1
6	271	12.363072325843	1
7	214	10.363072325843	1
7	215	10.363072325843	0
7	240	11.363072325843	1
7	241	11.363072325843	0
7	272	12.363072325843	1
7	273	12.363072325843	0
8	201	9.773528855839	1
8	227	10.773528855839	1
8	256	11.773528855839	1
8	291	12.773528855839	1
9	202	9.773528855839	1
9	203	9.773528855839	0
9	228	10.773528855839	1
9	229	10.773528855839	0
9	257	11.773528855839	1
9	258	11.773528855839	0
9	292	12.773528855839	1
9	293	12.773528855839	0
10	205	9.773628855839	1
10	231	10.773628855839	1
10	260	11.773628855839	1
11	206	9.773628855839	7.126823503782
11	232	10.773628855839	5.472245086937
11	261	11.773628855839	5.987116923215
0	304	13.363172325843	1
1	305	13.363172325843	9
1	306	13.773328855839	8
3	297	13.362972325843	1
3	320	14.362972325843	0
4	309	13.773428855839	1
5	310	13.773428855839	1
5	311	13.773428855839	0
6	300	13.363072325843	1
7	301	13.363072325843	1
7	302	13.363072325843	0
8	314	13.773528855839	1
9	315	13.773528855839	1
9	316	13.773528855839	0
10	295	12.773628855839	1
10	318	13.773628855839	1
11	296	12.773628855839	6.633957784077
11	319	13.773628855839	7.575573114984
0	327	14.363172325843	1
0	330	14.482340368894	1
0	333	14.556025724359	1
0	350	14.967603720602	1
0	353	15.058764746726	1
0	368	15.363172325843	1
0	388	16.103377255034	1
0	397	16.363172325843	1
0	420	17.363172325843	1
0	446	18.363172325843	1
0	469	19.25354718371	1
0	478	19.363172325843	1
0	501	20.363172325843	1
0	521	21.294439399622	1
0	530	21.363172325843	1
0	547	21.9361485723	1
0	556	22.363172325843	1
0	574	23.363172325843	1
0	577	23.541388129362	1
0	612	25.155390204255	1
0	632	25.890354625445	1
0	654	27.026293567155	1
0	663	27.047509410774	1
0	666	27.152167976593	1
0	688	28.047509410774	1
0	700	28.427395678817	1
0	703	28.582125359317	1
0	724	29.182974844391	1
0	732	29.352960017784	1
0	755	30.20440671874	1
0	772	30.774324697878	1
0	776	31.20440671874	1
0	779	31.512151989634	1
0	782	31.624098150267	1
0	803	32.159663870495	1
0	806	32.466944222648	1
0	812	32.673147504678	1
0	854	33.971148391769	1
0	857	34.008437689302	1
0	867	34.617520112485	1
0	870	34.762798139777	1
0	887	34.781766708978	1
0	891	34.971148391769	1
0	899	35.173537519655	1
0	928	36.101097919552	1
0	931	36.134918458721	1
0	937	36.386360390796	1
0	954	36.874917440104	1
0	963	37.101097919552	1
0	989	38.101097919552	1
0	1012	39.101097919552	1
0	1018	39.752832461382	1
0	1041	40.101097919552	1
0	1044	40.3505785382	1
0	1064	40.796097033251	1
0	1073	41.101097919552	1
0	1076	41.370629439992	1
0	1102	42.101097919552	1
0	1134	43.101097919552	1
0	1137	43.696980501686	1
0	1160	44.101097919552	1
0	1177	44.795892969237	1
0	1186	45.101097919552	1
0	1203	45.854727100725	1
0	1212	46.101097919552	1
0	1239	46.965324546412	1
0	1243	47.101097919552	1
0	1246	47.10335323484	1
0	1274	48.492395924631	1
0	1283	48.540707172454	1
0	1303	48.944497984856	1
0	1318	49.540707172454	1
0	1338	49.788925778384	1
0	1347	50.540707172454	1
0	1373	51.540707172454	1
0	1396	52.540707172454	1
0	1419	53.540707172454	1
0	1442	54.24342262456	1
0	1445	54.477724143336	1
0	1454	54.540707172454	1
0	1477	55.485743388756	1
0	1486	55.540707172454	1
0	1509	56.540707172454	1
0	1512	56.54448610385	1
0	1529	57.416401957476	1
0	1538	57.540707172454	1
0	1541	57.708482490743	1
0	1558	58.243547167826	1
0	1567	58.540707172454	1
0	1584	58.871488748817	1
0	1587	59.51526975042	1
0	1596	59.540707172454	1
0	1613	59.795546758899	1
0	1622	60.540707172454	1
0	1629	60.77241083297	1
0	1652	61.184912062892	1
0	1656	61.540707172454	1
0	1681	62.252984260042	1
0	1684	62.401696529294	1
0	1696	62.632680586152	1
0	1722	63.632680586152	1
0	1739	63.908331862567	1
0	1742	64.368345820307	1
0	1751	64.632680586152	1
0	1768	65.454615201185	1
0	1777	65.632680586152	1
0	1809	66.632680586152	1
0	1829	67.174946858902	1
0	1838	67.632680586152	1
0	1855	68.294761224656	1
0	1858	68.395795999965	1
0	1870	68.632680586152	1
0	1893	69.632680586152	1
0	1916	70.632680586152	1
0	1939	71.632680586152	1
0	1956	71.969384372309	1
0	1964	72.632680586152	1
0	2006	74.074705673101	1
0	2009	74.132032599525	1
0	2018	74.293319858336	1
0	2035	75.060511096426	1
0	2044	75.293319858336	1
0	2047	75.660457983067	1
0	2065	76.293319858336	1
0	2082	77.004703255219	1
0	2085	77.024893383365	1
0	2088	77.064869682423	1
0	2095	77.64774807129	1
0	2152	79.400167332569	1
0	2178	80.400167332569	1
0	2207	81.400167332569	1
0	2210	81.539318194135	1
0	2227	82.074202569892	1
0	2236	82.400167332569	1
0	2265	83.400167332569	1
0	2291	84.400167332569	1
0	2294	84.578114352977	1
0	2320	85.400167332569	1
0	2323	85.410957869043	1
0	2352	86.400167332569	1
0	2381	87.400167332569	1
0	2384	87.41419839155	1
0	2387	87.512848699968	1
0	2410	88.400167332569	1
0	2433	89.400167332569	1
0	2453	90.053153207927	1
0	2456	90.139923690267	1
0	2465	90.400167332569	1
0	2500	91.400167332569	1
0	2526	92.400167332569	1
0	2543	92.789179618943	1
0	2546	92.930510332504	1
0	2555	93.400167332569	1
0	2572	93.972290986683	1
0	2584	94.400167332569	1
0	2601	95.232224796792	1
0	2610	95.400167332569	1
0	2613	95.573878963818	1
0	2630	95.88139668758	1
0	2636	96.083747126147	1
0	2645	96.400167332569	1
0	2665	96.966876168106	1
0	2668	96.987188626902	1
0	2671	97.167440878887	1
0	2683	97.400167332569	1
0	2715	98.400167332569	1
0	2732	98.9331819513	1
0	2744	99.400167332569	1
0	2764	99.776264983448	1
0	2773	100.400167332569	1
0	2796	101.105022857198	1
0	2805	101.400167332569	1
0	2808	101.672927010678	1
0	2825	101.958947983186	1
0	2834	102.400167332569	1
0	2851	103.36997239248	1
0	2860	103.400167332569	1
0	2877	104.228365360309	1
0	2889	104.400167332569	1
0	2892	104.732709166897	1
0	2918	105.400167332569	1
0	2944	106.400167332569	1
0	2961	106.996442742758	1
0	2967	107.248862735649	1
0	2976	107.400167332569	1
0	2999	108.400167332569	1
0	3025	109.400167332569	1
0	3042	110.301144392533	1
0	3054	110.400167332569	1
0	3071	110.893768419985	1
0	3083	111.400167332569	1
0	3106	112.400167332569	1
0	3109	112.767228299842	1
0	3132	113.400167332569	1
0	3149	113.969466867089	1
0	3152	114.092993514451	1
0	3161	114.400167332569	1
0	3164	114.446013647725	1
0	3190	115.400167332569	1
0	3207	115.902832206289	1
0	3216	116.400167332569	1
0	3219	116.433554702906	1
0	3239	116.938573450661	1
0	3248	117.400167332569	1
0	3277	118.400167332569	1
0	3297	119.068072846729	1
0	3309	119.400167332569	1
0	3332	120.400167332569	1
0	3349	121.202903296712	1
0	3358	121.400167332569	1
0	3375	122.382286230357	1
0	3384	122.400167332569	1
0	3404	123.270147640794	1
0	3413	123.400167332569	1
0	3433	124.34798252493	1
0	3442	124.400167332569	1
0	3462	125.109850296226	1
0	3465	125.371907537901	1
0	3474	125.400167332569	1
0	3497	126.400167332569	1
0	3500	126.404704548546	1
0	3517	126.907015346807	1
0	3526	127.400167332569	1
0	3529	127.458411336941	1
0	3551	128.400167332569	1
0	3554	128.422864902435	1
0	3582	129.066969610758	1
0	3588	129.425896826628	1
0	3597	129.649252527223	1
0	3617	130.505217025284	1
0	3626	130.649252527223	1
0	3646	130.847816649982	1
0	3658	131.649252527223	1
0	3675	131.810191705753	1
0	3678	132.370152775827	1
0	3687	132.649252527223	1
0	3725	133.649252527223	1
0	3745	134.477600380777	1
0	3754	134.649252527223	1
0	3774	135.371329459083	1
0	3789	135.649252527223	1
0	3806	136.225409194726	1
0	3818	136.649252527223	1
0	3844	137.649252527223	1
0	3873	138.649252527223	1
0	3899	139.649252527223	1
0	3902	139.697944674008	1
0	3919	139.850238299262	1
0	3922	140.30841118322	1
0	3925	140.410731798073	1
0	3934	140.649252527223	1
0	3951	140.983193349501	1
0	3963	141.649252527223	1
0	3986	142.649252527223	1
0	4015	143.649252527223	1
0	4038	144.649252527223	1
0	4055	145.121003110011	1
0	4067	145.649252527223	1
0	4084	145.891079969557	1
0	4087	146.485153467881	1
0	4093	146.59076611151	1
0	4105	146.649252527223	1
0	4131	147.649252527223	1
0	4157	148.649252527223	1
0	4177	149.110048241593	1
0	4186	149.649252527223	1
0	4209	150.649252527223	1
0	4226	150.94978102667	1
0	4229	151.111651113382	1
0	4238	151.649252527223	1
0	4261	152.649252527223	1
0	4278	153.461828403133	1
0	4287	153.649252527223	1
0	4310	154.649252527223	1
0	4327	155.487737220236	1
0	4330	155.526020133121	1
0	4339	155.649252527223	1
0	4345	155.703345708266	1
0	4374	156.649252527223	1
0	4377	156.659312132188	1
0	4403	157.649252527223	1
0	4420	158.169135587797	1
0	4432	158.649252527223	1
0	4455	159.649252527223	1
0	4472	160.171122083323	1
0	4484	160.649252527223	1
0	4487	160.70112496146	1
0	4504	160.851915971654	1
0	4516	161.374786001742	1
0	4525	161.649252527223	1
0	4542	162.570224568024	1
0	4551	162.649252527223	1
0	4568	163.037497134434	1
0	4571	163.641796206282	1
0	4580	163.649252527223	1
0	4597	164.186653334427	1
0	4606	164.649252527223	1
0	4629	165.466987538239	1
0	4638	165.649252527223	1
0	4655	165.921899383031	1
0	4664	166.649252527223	1
0	4693	167.649252527223	1
0	4716	168.649252527223	1
0	4742	169.631859974935	1
0	4751	169.649252527223	1
0	4768	170.078112795454	1
0	4777	170.649252527223	1
0	4803	171.649252527223	1
0	4829	172.649252527223	1
0	4846	172.962724547556	1
0	4849	173.151019522775	1
0	4852	173.565632065434	1
0	4861	173.649252527223	1
0	4881	174.301763165421	1
0	4887	174.35763321831	1
0	4890	174.580772426411	1
0	4899	174.649252527223	1
0	4922	174.77860193387	1
0	4937	175.649252527223	1
0	4957	176.357014655976	1
0	4966	176.649252527223	1
0	4983	176.780671757333	1
0	4992	177.649252527223	1
0	5018	178.649252527223	1
0	5041	179.649252527223	1
0	5044	179.66521604574	1
0	5064	180.602354763463	1
0	5073	180.649252527223	1
0	5090	181.510318790788	1
0	5093	181.542675595433	1
0	5102	181.649252527223	1
0	5134	182.649252527223	1
0	5151	183.0735068217	1
0	5154	183.125189727495	1
0	5166	183.649252527223	1
0	5183	183.986113364176	1
0	5186	184.257781434518	1
0	5195	184.649252527223	1
0	5221	185.649252527223	1
0	5244	186.649252527223	1
0	5270	187.649252527223	1
0	5296	188.649252527223	1
0	5316	189.136914322512	1
0	5325	189.649252527223	1
0	5342	189.903993977084	1
0	5354	190.649252527223	1
0	5380	191.649252527223	1
0	5397	191.901165944574	1
0	5409	192.649252527223	1
0	5426	193.210951315936	1
0	5429	193.584837811839	1
0	5438	193.649252527223	1
0	5455	194.392817865238	1
0	5464	194.649252527223	1
0	5481	194.900682987925	1
0	5484	195.139435860773	1
0	5487	195.374960434192	1
0	5493	195.626559047305	1
0	5502	195.649252527223	1
0	5522	195.873418316104	1
0	5531	196.649252527223	1
0	5534	196.716397091518	1
0	5557	197.649252527223	1
0	5574	198.061744524752	1
0	5582	198.649252527223	1
0	5585	198.663423511276	1
1	328	14.363172325843	9
1	331	14.482340368894	10
1	334	14.556025724359	11
1	335	14.773328855839	10
1	351	14.967603720602	11
1	354	15.058764746726	12
1	369	15.363172325843	13
1	373	15.773328855839	12
1	389	16.103377255034	13
1	398	16.363172325843	14
1	399	16.773328855839	13
1	421	17.363172325843	14
1	425	17.773328855839	13
1	447	18.363172325843	14
1	448	18.773328855839	13
1	470	19.25354718371	14
1	479	19.363172325843	15
1	480	19.773328855839	14
1	502	20.363172325843	15
1	503	20.773328855839	14
1	522	21.294439399622	15
1	531	21.363172325843	16
1	532	21.773328855839	15
1	548	21.9361485723	16
1	557	22.363172325843	17
1	558	22.773328855839	16
1	575	23.363172325843	17
1	578	23.541388129362	18
1	579	23.773328855839	17
1	593	24.773328855839	16
1	613	25.155390204255	17
1	617	25.773328855839	16
1	633	25.890354625445	17
1	639	26.773328855839	16
1	655	27.026293567155	17
1	664	27.047509410774	18
1	667	27.152167976593	19
1	672	27.773328855839	18
1	689	28.047509410774	19
1	701	28.427395678817	20
1	704	28.582125359317	21
1	705	28.773328855839	20
1	725	29.182974844391	21
1	733	29.352960017784	22
1	734	29.773328855839	21
1	756	30.20440671874	22
1	757	30.773328855839	21
1	773	30.774324697878	22
1	777	31.20440671874	23
1	780	31.512151989634	24
1	783	31.624098150267	25
1	784	31.773328855839	24
1	804	32.159663870495	25
1	807	32.466944222648	26
1	813	32.673147504678	27
1	814	32.773328855839	26
1	833	33.773328855839	25
1	855	33.971148391769	26
1	858	34.008437689302	27
1	868	34.617520112485	28
1	871	34.762798139777	29
1	872	34.773328855839	28
1	888	34.781766708978	29
1	892	34.971148391769	30
1	900	35.173537519655	31
1	907	35.773328855839	30
1	929	36.101097919552	31
1	932	36.134918458721	32
1	938	36.386360390796	33
1	939	36.773328855839	32
1	955	36.874917440104	33
1	964	37.101097919552	34
1	968	37.773328855839	33
1	990	38.101097919552	34
1	991	38.773328855839	33
1	1013	39.101097919552	34
1	1019	39.752832461382	35
1	1020	39.773328855839	34
1	1042	40.101097919552	35
1	1045	40.3505785382	36
1	1049	40.773328855839	35
1	1065	40.796097033251	36
1	1074	41.101097919552	37
1	1077	41.370629439992	38
1	1081	41.773328855839	37
1	1103	42.101097919552	38
1	1104	42.773328855839	37
1	1135	43.101097919552	38
1	1138	43.696980501686	39
1	1139	43.773328855839	38
1	1161	44.101097919552	39
1	1162	44.773328855839	38
1	1178	44.795892969237	39
1	1187	45.101097919552	40
1	1188	45.773328855839	39
1	1204	45.854727100725	40
1	1213	46.101097919552	41
1	1221	46.773328855839	40
1	1240	46.965324546412	41
1	1244	47.101097919552	42
1	1247	47.10335323484	43
1	1256	47.773328855839	42
1	1275	48.492395924631	43
1	1284	48.540707172454	44
1	1288	48.773328855839	43
1	1304	48.944497984856	44
1	1319	49.540707172454	45
1	1323	49.773328855839	44
1	1339	49.788925778384	45
1	1348	50.540707172454	46
1	1352	50.773328855839	45
1	1374	51.540707172454	46
1	1375	51.773328855839	45
1	1397	52.540707172454	46
1	1398	52.773328855839	45
1	1420	53.540707172454	46
1	1421	53.773328855839	45
1	1443	54.24342262456	46
1	1446	54.477724143336	47
1	1455	54.540707172454	48
1	1456	54.773328855839	47
1	1478	55.485743388756	48
1	1487	55.540707172454	49
1	1488	55.773328855839	48
1	1510	56.540707172454	49
1	1513	56.54448610385	50
1	1514	56.773328855839	49
1	1530	57.416401957476	50
1	1539	57.540707172454	51
1	1542	57.708482490743	52
1	1543	57.773328855839	51
1	1559	58.243547167826	52
1	1568	58.540707172454	53
1	1569	58.773328855839	52
1	1585	58.871488748817	53
1	1588	59.51526975042	54
1	1597	59.540707172454	55
1	1598	59.773328855839	54
1	1614	59.795546758899	55
1	1623	60.540707172454	56
1	1630	60.77241083297	57
1	1631	60.773328855839	56
1	1653	61.184912062892	57
1	1657	61.540707172454	58
1	1663	61.773328855839	57
1	1682	62.252984260042	58
1	1685	62.401696529294	59
1	1697	62.632680586152	60
1	1701	62.773328855839	59
1	1723	63.632680586152	60
1	1724	63.773328855839	59
1	1740	63.908331862567	60
1	1743	64.368345820307	61
1	1752	64.632680586152	62
1	1753	64.773328855839	61
1	1769	65.454615201185	62
1	1778	65.632680586152	63
1	1788	65.773328855839	62
1	1810	66.632680586152	63
1	1814	66.773328855839	62
1	1830	67.174946858902	63
1	1839	67.632680586152	64
1	1840	67.773328855839	63
1	1856	68.294761224656	64
1	1859	68.395795999965	65
1	1871	68.632680586152	66
1	1872	68.773328855839	65
1	1894	69.632680586152	66
1	1895	69.773328855839	65
1	1917	70.632680586152	66
1	1918	70.773328855839	65
1	1940	71.632680586152	66
1	1941	71.773328855839	65
1	1957	71.969384372309	66
1	1965	72.632680586152	67
1	1966	72.773328855839	66
1	1991	73.773328855839	65
1	2007	74.074705673101	66
1	2010	74.132032599525	67
1	2019	74.293319858336	68
1	2020	74.773328855839	67
1	2036	75.060511096426	68
1	2045	75.293319858336	69
1	2048	75.660457983067	70
1	2049	75.773328855839	69
1	2066	76.293319858336	70
1	2067	76.773328855839	69
1	2083	77.004703255219	70
1	2086	77.024893383365	71
1	2089	77.064869682423	72
1	2096	77.64774807129	73
1	2100	77.773328855839	72
1	2128	78.773328855839	71
1	2153	79.400167332569	72
1	2157	79.773328855839	71
1	2179	80.400167332569	72
1	2183	80.773328855839	71
1	2208	81.400167332569	72
1	2211	81.539318194135	73
1	2212	81.773328855839	72
1	2228	82.074202569892	73
1	2237	82.400167332569	74
1	2238	82.773328855839	73
1	2266	83.400167332569	74
1	2270	83.773328855839	73
1	2292	84.400167332569	74
1	2295	84.578114352977	75
1	2299	84.773328855839	74
1	2321	85.400167332569	75
1	2324	85.410957869043	76
1	2331	85.773328855839	75
1	2353	86.400167332569	76
1	2357	86.773328855839	75
1	2382	87.400167332569	76
1	2385	87.41419839155	77
1	2388	87.512848699968	78
1	2389	87.773328855839	77
1	2411	88.400167332569	78
1	2412	88.773328855839	77
1	2434	89.400167332569	78
1	2438	89.773328855839	77
1	2454	90.053153207927	78
1	2457	90.139923690267	79
1	2466	90.400167332569	80
1	2470	90.773328855839	79
1	2501	91.400167332569	80
1	2502	91.773328855839	79
1	2527	92.400167332569	80
1	2528	92.773328855839	79
1	2544	92.789179618943	80
1	2547	92.930510332504	81
1	2556	93.400167332569	82
1	2557	93.773328855839	81
1	2573	93.972290986683	82
1	2585	94.400167332569	83
1	2586	94.773328855839	82
1	2602	95.232224796792	83
1	2611	95.400167332569	84
1	2614	95.573878963818	85
1	2615	95.773328855839	84
1	2631	95.88139668758	85
1	2637	96.083747126147	86
1	2646	96.400167332569	87
1	2650	96.773328855839	86
1	2666	96.966876168106	87
1	2669	96.987188626902	88
1	2672	97.167440878887	89
1	2684	97.400167332569	90
1	2685	97.773328855839	89
1	2716	98.400167332569	90
1	2717	98.773328855839	89
1	2733	98.9331819513	90
1	2745	99.400167332569	91
1	2749	99.773328855839	90
1	2765	99.776264983448	91
1	2774	100.400167332569	92
1	2778	100.773328855839	91
1	2797	101.105022857198	92
1	2806	101.400167332569	93
1	2809	101.672927010678	94
1	2810	101.773328855839	93
1	2826	101.958947983186	94
1	2835	102.400167332569	95
1	2836	102.773328855839	94
1	2852	103.36997239248	95
1	2861	103.400167332569	96
1	2862	103.773328855839	95
1	2878	104.228365360309	96
1	2890	104.400167332569	97
1	2893	104.732709166897	98
1	2894	104.773328855839	97
1	2919	105.400167332569	98
1	2920	105.773328855839	97
1	2945	106.400167332569	98
1	2946	106.773328855839	97
1	2962	106.996442742758	98
1	2968	107.248862735649	99
1	2977	107.400167332569	100
1	2978	107.773328855839	99
1	3000	108.400167332569	100
1	3001	108.773328855839	99
1	3026	109.400167332569	100
1	3027	109.773328855839	99
1	3043	110.301144392533	100
1	3055	110.400167332569	101
1	3056	110.773328855839	100
1	3072	110.893768419985	101
1	3084	111.400167332569	102
1	3085	111.773328855839	101
1	3107	112.400167332569	102
1	3110	112.767228299842	103
1	3111	112.773328855839	102
1	3133	113.400167332569	103
1	3134	113.773328855839	102
1	3150	113.969466867089	103
1	3153	114.092993514451	104
1	3162	114.400167332569	105
1	3165	114.446013647725	106
1	3166	114.773328855839	105
1	3191	115.400167332569	106
1	3192	115.773328855839	105
1	3208	115.902832206289	106
1	3217	116.400167332569	107
1	3220	116.433554702906	108
1	3224	116.773328855839	107
1	3240	116.938573450661	108
1	3249	117.400167332569	109
1	3253	117.773328855839	108
1	3278	118.400167332569	109
1	3279	118.773328855839	108
1	3298	119.068072846729	109
1	3310	119.400167332569	110
1	3311	119.773328855839	109
1	3333	120.400167332569	110
1	3334	120.773328855839	109
1	3350	121.202903296712	110
1	3359	121.400167332569	111
1	3360	121.773328855839	110
1	3376	122.382286230357	111
1	3385	122.400167332569	112
1	3389	122.773328855839	111
1	3405	123.270147640794	112
1	3414	123.400167332569	113
1	3415	123.773328855839	112
1	3434	124.34798252493	113
1	3443	124.400167332569	114
1	3447	124.773328855839	113
1	3463	125.109850296226	114
1	3466	125.371907537901	115
1	3475	125.400167332569	116
1	3476	125.773328855839	115
1	3498	126.400167332569	116
1	3501	126.404704548546	117
1	3502	126.773328855839	116
1	3518	126.907015346807	117
1	3527	127.400167332569	118
1	3530	127.458411336941	119
1	3535	127.773328855839	118
1	3552	128.400167332569	119
1	3555	128.422864902435	120
1	3567	128.773328855839	119
1	3583	129.066969610758	120
1	3589	129.425896826628	121
1	3598	129.649252527223	122
1	3599	129.773328855839	121
1	3618	130.505217025284	122
1	3627	130.649252527223	123
1	3628	130.773328855839	122
1	3647	130.847816649982	123
1	3659	131.649252527223	124
1	3660	131.773328855839	123
1	3676	131.810191705753	124
1	3679	132.370152775827	125
1	3688	132.649252527223	126
1	3692	132.773328855839	125
1	3726	133.649252527223	126
1	3727	133.773328855839	125
1	3746	134.477600380777	126
1	3755	134.649252527223	127
1	3759	134.773328855839	126
1	3775	135.371329459083	127
1	3790	135.649252527223	128
1	3791	135.773328855839	127
1	3807	136.225409194726	128
1	3819	136.649252527223	129
1	3820	136.773328855839	128
1	3845	137.649252527223	129
1	3846	137.773328855839	128
1	3874	138.649252527223	129
1	3875	138.773328855839	128
1	3900	139.649252527223	129
1	3903	139.697944674008	130
1	3904	139.773328855839	129
1	3920	139.850238299262	130
1	3923	140.30841118322	131
1	3926	140.410731798073	132
1	3935	140.649252527223	133
1	3936	140.773328855839	132
1	3952	140.983193349501	133
1	3964	141.649252527223	134
1	3965	141.773328855839	133
1	3987	142.649252527223	134
1	3988	142.773328855839	133
1	4016	143.649252527223	134
1	4017	143.773328855839	133
1	4039	144.649252527223	134
1	4040	144.773328855839	133
1	4056	145.121003110011	134
1	4068	145.649252527223	135
1	4069	145.773328855839	134
1	4085	145.891079969557	135
1	4088	146.485153467881	136
1	4094	146.59076611151	137
1	4106	146.649252527223	138
1	4107	146.773328855839	137
1	4132	147.649252527223	138
1	4133	147.773328855839	137
1	4158	148.649252527223	138
1	4159	148.773328855839	137
1	4178	149.110048241593	138
1	4187	149.649252527223	139
1	4188	149.773328855839	138
1	4210	150.649252527223	139
1	4211	150.773328855839	138
1	4227	150.94978102667	139
1	4230	151.111651113382	140
1	4239	151.649252527223	141
1	4240	151.773328855839	140
1	4262	152.649252527223	141
1	4263	152.773328855839	140
1	4279	153.461828403133	141
1	4288	153.649252527223	142
1	4289	153.773328855839	141
1	4311	154.649252527223	142
1	4312	154.773328855839	141
1	4328	155.487737220236	142
1	4331	155.526020133121	143
1	4340	155.649252527223	144
1	4346	155.703345708266	145
1	4347	155.773328855839	144
1	4375	156.649252527223	145
1	4378	156.659312132188	146
1	4382	156.773328855839	145
1	4404	157.649252527223	146
1	4405	157.773328855839	145
1	4421	158.169135587797	146
1	4433	158.649252527223	147
1	4434	158.773328855839	146
1	4456	159.649252527223	147
1	4457	159.773328855839	146
1	4473	160.171122083323	147
1	4485	160.649252527223	148
1	4488	160.70112496146	149
1	4489	160.773328855839	148
1	4505	160.851915971654	149
1	4517	161.374786001742	150
1	4526	161.649252527223	151
1	4527	161.773328855839	150
1	4543	162.570224568024	151
1	4552	162.649252527223	152
1	4553	162.773328855839	151
1	4569	163.037497134434	152
1	4572	163.641796206282	153
1	4581	163.649252527223	154
1	4582	163.773328855839	153
1	4598	164.186653334427	154
1	4607	164.649252527223	155
1	4608	164.773328855839	154
1	4630	165.466987538239	155
1	4639	165.649252527223	156
1	4640	165.773328855839	155
1	4656	165.921899383031	156
1	4665	166.649252527223	157
1	4666	166.773328855839	156
1	4694	167.649252527223	157
1	4695	167.773328855839	156
1	4717	168.649252527223	157
1	4718	168.773328855839	156
1	4743	169.631859974935	157
1	4752	169.649252527223	158
1	4753	169.773328855839	157
1	4769	170.078112795454	158
1	4778	170.649252527223	159
1	4779	170.773328855839	158
1	4804	171.649252527223	159
1	4805	171.773328855839	158
1	4830	172.649252527223	159
1	4831	172.773328855839	158
1	4847	172.962724547556	159
1	4850	173.151019522775	160
1	4853	173.565632065434	161
1	4862	173.649252527223	162
1	4866	173.773328855839	161
1	4882	174.301763165421	162
1	4888	174.35763321831	163
1	4891	174.580772426411	164
1	4900	174.649252527223	165
1	4904	174.773328855839	164
1	4923	174.77860193387	165
1	4938	175.649252527223	166
1	4939	175.773328855839	165
1	4958	176.357014655976	166
1	4967	176.649252527223	167
1	4968	176.773328855839	166
1	4984	176.780671757333	167
1	4993	177.649252527223	168
1	4994	177.773328855839	167
1	5019	178.649252527223	168
1	5020	178.773328855839	167
1	5042	179.649252527223	168
1	5045	179.66521604574	169
1	5046	179.773328855839	168
1	5065	180.602354763463	169
1	5074	180.649252527223	170
1	5075	180.773328855839	169
1	5091	181.510318790788	170
1	5094	181.542675595433	171
1	5103	181.649252527223	172
1	5107	181.773328855839	171
1	5135	182.649252527223	172
1	5136	182.773328855839	171
1	5152	183.0735068217	172
1	5155	183.125189727495	173
1	5167	183.649252527223	174
1	5168	183.773328855839	173
1	5184	183.986113364176	174
1	5187	184.257781434518	175
1	5196	184.649252527223	176
1	5197	184.773328855839	175
1	5222	185.649252527223	176
1	5223	185.773328855839	175
1	5245	186.649252527223	176
1	5246	186.773328855839	175
1	5271	187.649252527223	176
1	5272	187.773328855839	175
1	5297	188.649252527223	176
1	5298	188.773328855839	175
1	5317	189.136914322512	176
1	5326	189.649252527223	177
1	5327	189.773328855839	176
1	5343	189.903993977084	177
1	5355	190.649252527223	178
1	5356	190.773328855839	177
1	5381	191.649252527223	178
1	5382	191.773328855839	177
1	5398	191.901165944574	178
1	5410	192.649252527223	179
1	5411	192.773328855839	178
1	5427	193.210951315936	179
1	5430	193.584837811839	180
1	5439	193.649252527223	181
1	5440	193.773328855839	180
1	5456	194.392817865238	181
1	5465	194.649252527223	182
1	5466	194.773328855839	181
1	5482	194.900682987925	182
1	5485	195.139435860773	183
1	5488	195.374960434192	184
1	5494	195.626559047305	185
1	5503	195.649252527223	186
1	5507	195.773328855839	185
1	5523	195.873418316104	186
1	5532	196.649252527223	187
1	5535	196.716397091518	188
1	5536	196.773328855839	187
1	5558	197.649252527223	188
1	5559	197.773328855839	187
1	5575	198.061744524752	188
1	5583	198.649252527223	189
1	5586	198.663423511276	190
1	5587	198.773328855839	189
1	5612	199.773328855839	188
2	356	15.237596782295	1
2	359	15.258022370694	1
2	371	15.717270507949	1
2	423	17.504758171388	1
2	463	19.010542430025	1
2	466	19.16177328369	1
2	518	21.202087541632	1
2	608	25.047309410774	1
2	615	25.666238870401	1
2	669	27.182774844391	1
2	696	28.20420671874	1
2	720	29.076527913782	1
2	799	31.970948391769	1
2	809	32.6126430938	1
2	860	34.100897919552	1
2	864	34.344946410289	1
2	902	35.185281115901	1
2	905	35.347417605347	1
2	934	36.294414282522	1
2	966	37.25396225989	1
2	1015	39.582875634104	1
2	1047	40.728014588804	1
2	1079	41.677509172301	1
2	1119	42.873616971758	1
2	1122	42.978178197533	1
2	1125	43.040293487999	1
2	1215	46.540507172454	1
2	1219	46.727933238472	1
2	1236	46.964139944555	1
2	1249	47.407543973176	1
2	1271	47.786505937459	1
2	1286	48.72256749723	1
2	1306	49.115680054534	1
2	1309	49.154863210947	1
2	1321	49.732187521754	1
2	1350	50.738058526921	1
2	1436	53.931005168975	1
2	1439	54.038640277131	1
2	1471	55.096466690483	1
2	1474	55.272380235909	1
2	1625	60.632480586152	1
2	1646	60.805608042298	1
2	1649	60.92256345209	1
2	1678	62.045731753623	1
2	1687	62.427287596997	1
2	1699	62.646168193504	1
2	1780	65.633358085356	1
2	1783	65.647022663787	1
2	1786	65.749167545312	1
2	1812	66.724269479468	1
2	1861	68.544088398752	1
2	1959	72.293119858336	1
2	1981	72.925456454732	1
2	1989	73.638040048065	1
2	2091	77.399967332569	1
2	2098	77.732377573533	1
2	2115	77.860434338844	1
2	2118	78.305853800764	1
2	2126	78.657029890145	1
2	2143	79.312676174509	1
2	2155	79.439064810934	1
2	2181	80.605938337483	1
2	2198	80.988639286345	1
2	2253	83.112876483347	1
2	2256	83.179173884829	1
2	2268	83.423569332911	1
2	2297	84.602758859976	1
2	2326	85.438856391946	1
2	2329	85.747271232044	1
2	2355	86.458519169261	1
2	2372	87.199278119708	1
2	2436	89.684860476685	1
2	2468	90.542756117759	1
2	2485	90.868096533288	1
2	2488	91.251656747387	1
2	2491	91.261057498051	1
2	2517	92.361903408142	1
2	2575	94.209231059144	1
2	2633	96.050513530631	1
2	2648	96.557713653888	1
2	2674	97.362511053689	1
2	2700	97.824241949733	1
2	2703	97.828948490225	1
2	2706	97.987289996456	1
2	2735	99.119924138428	1
2	2747	99.434645799283	1
2	2776	100.65115445272	1
2	2793	100.991501190955	1
2	2880	104.26664436867	1
2	2909	105.163235239456	1
2	2935	106.01245605102	1
2	2964	107.031114781039	1
2	3016	109.252621679513	1
2	3045	110.392229643046	1
2	3074	110.988609037376	1
2	3181	114.83161562062	1
2	3222	116.512537825166	1
2	3251	117.63781984201	1
2	3268	117.92523031808	1
2	3294	118.795766144406	1
2	3300	119.171504986813	1
2	3387	122.535875439864	1
2	3430	123.827784708665	1
2	3445	124.523584169565	1
2	3532	127.649052527223	1
2	3557	128.58145540763	1
2	3560	128.600835188978	1
2	3585	129.235962904609	1
2	3614	130.495006421873	1
2	3643	130.834671154455	1
2	3649	131.318306841044	1
2	3690	132.701286047581	1
2	3707	132.846860026029	1
2	3710	132.955407124524	1
2	3713	133.309631256769	1
2	3716	133.406554011346	1
2	3742	134.250442483937	1
2	3757	134.687470497711	1
2	3777	135.49002248347	1
2	3780	135.524225901828	1
2	3809	136.583235287209	1
2	3835	137.639084895869	1
2	3861	138.026214988018	1
2	3864	138.590825489139	1
2	3890	138.840906984117	1
2	3954	141.109540976809	1
2	4003	143.334455634034	1
2	4006	143.636021547257	1
2	4058	145.276919125184	1
2	4090	146.493938620521	1
2	4096	146.598820456121	1
2	4122	147.033166112065	1
2	4148	148.285773636977	1
2	4174	148.9192362547	1
2	4342	155.684626774637	1
2	4362	156.394544701861	1
2	4365	156.577083303744	1
2	4380	156.709267013359	1
2	4423	158.593195899945	1
2	4475	160.239915001272	1
2	4507	161.081795963004	1
2	4510	161.115582748556	1
2	4513	161.187258132869	1
2	4623	165.237104971674	1
2	4626	165.289017523857	1
2	4681	167.301790260063	1
2	4684	167.318558026055	1
2	4733	169.255135263546	1
2	4736	169.517464572712	1
2	4739	169.52924780463	1
2	4794	170.977041886618	1
2	4820	172.286340250641	1
2	4864	173.672631602662	1
2	4884	174.345092119496	1
2	4902	174.759071042169	1
2	4919	174.77776651259	1
2	4925	174.965285463793	1
2	4928	175.587882807771	1
2	4954	175.841388512914	1
2	5009	177.917419573357	1
2	5061	180.549638435906	1
2	5105	181.768435239249	1
2	5122	181.948392580801	1
2	5125	182.641592350339	1
2	5157	183.613074508434	1
2	5212	184.814045414976	1
2	5261	187.535393670889	1
2	5287	187.846361475859	1
2	5313	188.798191183401	1
2	5345	189.934787678658	1
2	5371	190.826166255568	1
2	5400	192.215843319344	1
2	5490	195.553777653198	1
2	5505	195.759809701681	1
2	5577	198.64888529358	1
2	5602	199.323129863216	1
2	5605	199.581142627156	1
3	357	15.237596782295	1
3	360	15.258022370694	2
3	361	15.362972325843	1
3	372	15.717270507949	2
3	390	16.362972325843	1
3	413	17.362972325843	0
3	424	17.504758171388	1
3	439	18.362972325843	0
3	464	19.010542430025	1
3	467	19.16177328369	2
3	471	19.362972325843	1
3	494	20.362972325843	0
3	519	21.202087541632	1
3	523	21.362972325843	0
3	609	25.047309410774	1
3	610	25.047309410774	0
3	616	25.666238870401	1
3	634	26.047309410774	0
3	670	27.182774844391	1
3	671	27.182774844391	0
3	697	28.20420671874	1
3	698	28.20420671874	0
3	721	29.076527913782	1
3	726	29.20420671874	0
3	800	31.970948391769	1
3	801	31.970948391769	0
3	810	32.6126430938	1
3	828	32.970948391769	0
3	861	34.100897919552	1
3	862	34.100897919552	0
3	865	34.344946410289	1
3	893	35.100897919552	0
3	903	35.185281115901	1
3	906	35.347417605347	2
3	921	36.100897919552	1
3	935	36.294414282522	2
3	956	37.100897919552	1
3	967	37.25396225989	2
3	982	38.100897919552	1
3	1005	39.100897919552	0
3	1016	39.582875634104	1
3	1034	40.100897919552	0
3	1048	40.728014588804	1
3	1066	41.100897919552	0
3	1080	41.677509172301	1
3	1095	42.100897919552	0
3	1120	42.873616971758	1
3	1123	42.978178197533	2
3	1126	43.040293487999	3
3	1127	43.100897919552	2
3	1153	44.100897919552	1
3	1179	45.100897919552	0
3	1216	46.540507172454	1
3	1217	46.540507172454	0
3	1220	46.727933238472	1
3	1237	46.964139944555	2
3	1250	47.407543973176	3
3	1251	47.540507172454	2
3	1272	47.786505937459	3
3	1276	48.540507172454	2
3	1287	48.72256749723	3
3	1307	49.115680054534	4
3	1310	49.154863210947	5
3	1311	49.540507172454	4
3	1322	49.732187521754	5
3	1340	50.540507172454	4
3	1351	50.738058526921	5
3	1366	51.540507172454	4
3	1389	52.540507172454	3
3	1412	53.540507172454	2
3	1437	53.931005168975	3
3	1440	54.038640277131	4
3	1447	54.540507172454	3
3	1472	55.096466690483	4
3	1475	55.272380235909	5
3	1479	55.540507172454	4
3	1502	56.540507172454	3
3	1531	57.540507172454	2
3	1560	58.540507172454	1
3	1589	59.540507172454	0
3	1626	60.632480586152	1
3	1627	60.632480586152	0
3	1647	60.805608042298	1
3	1650	60.92256345209	2
3	1658	61.632480586152	1
3	1679	62.045731753623	2
3	1688	62.427287596997	3
3	1689	62.632480586152	2
3	1700	62.646168193504	3
3	1715	63.632480586152	2
3	1744	64.632480586152	1
3	1770	65.632480586152	0
3	1781	65.633358085356	1
3	1784	65.647022663787	2
3	1787	65.749167545312	3
3	1802	66.632480586152	2
3	1813	66.724269479468	3
3	1831	67.632480586152	2
3	1862	68.544088398752	3
3	1863	68.632480586152	2
3	1886	69.632480586152	1
3	1909	70.632480586152	0
3	1960	72.293119858336	1
3	1961	72.293119858336	0
3	1982	72.925456454732	1
3	1983	73.293119858336	0
3	1990	73.638040048065	1
3	2011	74.293119858336	0
3	2092	77.399967332569	1
3	2093	77.399967332569	0
3	2099	77.732377573533	1
3	2116	77.860434338844	2
3	2119	78.305853800764	3
3	2120	78.399967332569	2
3	2127	78.657029890145	3
3	2144	79.312676174509	4
3	2145	79.399967332569	3
3	2156	79.439064810934	4
3	2171	80.399967332569	3
3	2182	80.605938337483	4
3	2199	80.988639286345	5
3	2200	81.399967332569	4
3	2229	82.399967332569	3
3	2254	83.112876483347	4
3	2257	83.179173884829	5
3	2258	83.399967332569	4
3	2269	83.423569332911	5
3	2284	84.399967332569	4
3	2298	84.602758859976	5
3	2313	85.399967332569	4
3	2327	85.438856391946	5
3	2330	85.747271232044	6
3	2345	86.399967332569	5
3	2356	86.458519169261	6
3	2373	87.199278119708	7
3	2374	87.399967332569	6
3	2403	88.399967332569	5
3	2426	89.399967332569	4
3	2437	89.684860476685	5
3	2458	90.399967332569	4
3	2469	90.542756117759	5
3	2486	90.868096533288	6
3	2489	91.251656747387	7
3	2492	91.261057498051	8
3	2493	91.399967332569	7
3	2518	92.361903408142	8
3	2519	92.399967332569	7
3	2548	93.399967332569	6
3	2576	94.209231059144	7
3	2577	94.399967332569	6
3	2603	95.399967332569	5
3	2634	96.050513530631	6
3	2638	96.399967332569	5
3	2649	96.557713653888	6
3	2675	97.362511053689	7
3	2676	97.399967332569	6
3	2701	97.824241949733	7
3	2704	97.828948490225	8
3	2707	97.987289996456	9
3	2708	98.399967332569	8
3	2736	99.119924138428	9
3	2737	99.399967332569	8
3	2748	99.434645799283	9
3	2766	100.399967332569	8
3	2777	100.65115445272	9
3	2794	100.991501190955	10
3	2798	101.399967332569	9
3	2827	102.399967332569	8
3	2853	103.399967332569	7
3	2881	104.26664436867	8
3	2882	104.399967332569	7
3	2910	105.163235239456	8
3	2911	105.399967332569	7
3	2936	106.01245605102	8
3	2937	106.399967332569	7
3	2965	107.031114781039	8
3	2969	107.399967332569	7
3	2992	108.399967332569	6
3	3017	109.252621679513	7
3	3018	109.399967332569	6
3	3046	110.392229643046	7
3	3047	110.399967332569	6
3	3075	110.988609037376	7
3	3076	111.399967332569	6
3	3099	112.399967332569	5
3	3125	113.399967332569	4
3	3154	114.399967332569	3
3	3182	114.83161562062	4
3	3183	115.399967332569	3
3	3209	116.399967332569	2
3	3223	116.512537825166	3
3	3241	117.399967332569	2
3	3252	117.63781984201	3
3	3269	117.92523031808	4
3	3270	118.399967332569	3
3	3295	118.795766144406	4
3	3301	119.171504986813	5
3	3302	119.399967332569	4
3	3325	120.399967332569	3
3	3351	121.399967332569	2
3	3377	122.399967332569	1
3	3388	122.535875439864	2
3	3406	123.399967332569	1
3	3431	123.827784708665	2
3	3435	124.399967332569	1
3	3446	124.523584169565	2
3	3467	125.399967332569	1
3	3490	126.399967332569	0
3	3533	127.649052527223	1
3	3534	127.649052527223	0
3	3558	128.58145540763	1
3	3561	128.600835188978	2
3	3562	128.649052527223	1
3	3586	129.235962904609	2
3	3590	129.649052527223	1
3	3615	130.495006421873	2
3	3619	130.649052527223	1
3	3644	130.834671154455	2
3	3650	131.318306841044	3
3	3651	131.649052527223	2
3	3680	132.649052527223	1
3	3691	132.701286047581	2
3	3708	132.846860026029	3
3	3711	132.955407124524	4
3	3714	133.309631256769	5
3	3717	133.406554011346	6
3	3718	133.649052527223	5
3	3743	134.250442483937	6
3	3747	134.649052527223	5
3	3758	134.687470497711	6
3	3778	135.49002248347	7
3	3781	135.524225901828	8
3	3782	135.649052527223	7
3	3810	136.583235287209	8
3	3811	136.649052527223	7
3	3836	137.639084895869	8
3	3837	137.649052527223	7
3	3862	138.026214988018	8
3	3865	138.590825489139	9
3	3866	138.649052527223	8
3	3891	138.840906984117	9
3	3892	139.649052527223	8
3	3927	140.649052527223	7
3	3955	141.109540976809	8
3	3956	141.649052527223	7
3	3979	142.649052527223	6
3	4004	143.334455634034	7
3	4007	143.636021547257	8
3	4008	143.649052527223	7
3	4031	144.649052527223	6
3	4059	145.276919125184	7
3	4060	145.649052527223	6
3	4091	146.493938620521	7
3	4097	146.598820456121	8
3	4098	146.649052527223	7
3	4123	147.033166112065	8
3	4124	147.649052527223	7
3	4149	148.285773636977	8
3	4150	148.649052527223	7
3	4175	148.9192362547	8
3	4179	149.649052527223	7
3	4202	150.649052527223	6
3	4231	151.649052527223	5
3	4254	152.649052527223	4
3	4280	153.649052527223	3
3	4303	154.649052527223	2
3	4332	155.649052527223	1
3	4343	155.684626774637	2
3	4363	156.394544701861	3
3	4366	156.577083303744	4
3	4367	156.649052527223	3
3	4381	156.709267013359	4
3	4396	157.649052527223	3
3	4424	158.593195899945	4
3	4425	158.649052527223	3
3	4448	159.649052527223	2
3	4476	160.239915001272	3
3	4477	160.649052527223	2
3	4508	161.081795963004	3
3	4511	161.115582748556	4
3	4514	161.187258132869	5
3	4518	161.649052527223	4
3	4544	162.649052527223	3
3	4573	163.649052527223	2
3	4599	164.649052527223	1
3	4624	165.237104971674	2
3	4627	165.289017523857	3
3	4631	165.649052527223	2
3	4657	166.649052527223	1
3	4682	167.301790260063	2
3	4685	167.318558026055	3
3	4686	167.649052527223	2
3	4709	168.649052527223	1
3	4734	169.255135263546	2
3	4737	169.517464572712	3
3	4740	169.52924780463	4
3	4744	169.649052527223	3
3	4770	170.649052527223	2
3	4795	170.977041886618	3
3	4796	171.649052527223	2
3	4821	172.286340250641	3
3	4822	172.649052527223	2
3	4854	173.649052527223	1
3	4865	173.672631602662	2
3	4885	174.345092119496	3
3	4892	174.649052527223	2
3	4903	174.759071042169	3
3	4920	174.77776651259	4
3	4926	174.965285463793	5
3	4929	175.587882807771	6
3	4930	175.649052527223	5
3	4955	175.841388512914	6
3	4959	176.649052527223	5
3	4985	177.649052527223	4
3	5010	177.917419573357	5
3	5011	178.649052527223	4
3	5034	179.649052527223	3
3	5062	180.549638435906	4
3	5066	180.649052527223	3
3	5095	181.649052527223	2
3	5106	181.768435239249	3
3	5123	181.948392580801	4
3	5126	182.641592350339	5
3	5127	182.649052527223	4
3	5158	183.613074508434	5
3	5159	183.649052527223	4
3	5188	184.649052527223	3
3	5213	184.814045414976	4
3	5214	185.649052527223	3
3	5237	186.649052527223	2
3	5262	187.535393670889	3
3	5263	187.649052527223	2
3	5288	187.846361475859	3
3	5289	188.649052527223	2
3	5314	188.798191183401	3
3	5318	189.649052527223	2
3	5346	189.934787678658	3
3	5347	190.649052527223	2
3	5372	190.826166255568	3
3	5373	191.649052527223	2
3	5401	192.215843319344	3
3	5402	192.649052527223	2
3	5431	193.649052527223	1
3	5457	194.649052527223	0
3	5491	195.553777653198	1
3	5495	195.649052527223	0
3	5506	195.759809701681	1
3	5524	196.649052527223	0
3	5578	198.64888529358	1
3	5579	198.64888529358	0
3	5603	199.323129863216	1
3	5606	199.581142627156	2
3	5607	199.64888529358	1
4	338	14.773428855839	1
4	376	15.773428855839	1
4	402	16.773428855839	1
4	428	17.773428855839	1
4	451	18.773428855839	1
4	483	19.773428855839	1
4	506	20.773428855839	1
4	535	21.773428855839	1
4	561	22.773428855839	1
4	582	23.773428855839	1
4	596	24.773428855839	1
4	620	25.773428855839	1
4	642	26.773428855839	1
4	675	27.773428855839	1
4	708	28.773428855839	1
4	737	29.773428855839	1
4	760	30.773428855839	1
4	787	31.773428855839	1
4	817	32.773428855839	1
4	836	33.773428855839	1
4	875	34.773428855839	1
4	910	35.773428855839	1
4	942	36.773428855839	1
4	971	37.773428855839	1
4	994	38.773428855839	1
4	1023	39.773428855839	1
4	1052	40.773428855839	1
4	1084	41.773428855839	1
4	1107	42.773428855839	1
4	1142	43.773428855839	1
4	1165	44.773428855839	1
4	1191	45.773428855839	1
4	1224	46.773428855839	1
4	1259	47.773428855839	1
4	1291	48.773428855839	1
4	1326	49.773428855839	1
4	1355	50.773428855839	1
4	1378	51.773428855839	1
4	1401	52.773428855839	1
4	1424	53.773428855839	1
4	1459	54.773428855839	1
4	1491	55.773428855839	1
4	1517	56.773428855839	1
4	1546	57.773428855839	1
4	1572	58.773428855839	1
4	1601	59.773428855839	1
4	1634	60.773428855839	1
4	1666	61.773428855839	1
4	1704	62.773428855839	1
4	1727	63.773428855839	1
4	1756	64.773428855839	1
4	1791	65.773428855839	1
4	1817	66.773428855839	1
4	1843	67.773428855839	1
4	1875	68.773428855839	1
4	1898	69.773428855839	1
4	1921	70.773428855839	1
4	1944	71.773428855839	1
4	1969	72.773428855839	1
4	1994	73.773428855839	1
4	2023	74.773428855839	1
4	2052	75.773428855839	1
4	2070	76.773428855839	1
4	2103	77.773428855839	1
4	2131	78.773428855839	1
4	2160	79.773428855839	1
4	2186	80.773428855839	1
4	2215	81.773428855839	1
4	2241	82.773428855839	1
4	2273	83.773428855839	1
4	2302	84.773428855839	1
4	2334	85.773428855839	1
4	2360	86.773428855839	1
4	2392	87.773428855839	1
4	2415	88.773428855839	1
4	2441	89.773428855839	1
4	2473	90.773428855839	1
4	2505	91.773428855839	1
4	2531	92.773428855839	1
4	2560	93.773428855839	1
4	2589	94.773428855839	1
4	2618	95.773428855839	1
4	2653	96.773428855839	1
4	2688	97.773428855839	1
4	2720	98.773428855839	1
4	2752	99.773428855839	1
4	2781	100.773428855839	1
4	2813	101.773428855839	1
4	2839	102.773428855839	1
4	2865	103.773428855839	1
4	2897	104.773428855839	1
4	2923	105.773428855839	1
4	2949	106.773428855839	1
4	2981	107.773428855839	1
4	3004	108.773428855839	1
4	3030	109.773428855839	1
4	3059	110.773428855839	1
4	3088	111.773428855839	1
4	3114	112.773428855839	1
4	3137	113.773428855839	1
4	3169	114.773428855839	1
4	3195	115.773428855839	1
4	3227	116.773428855839	1
4	3256	117.773428855839	1
4	3282	118.773428855839	1
4	3314	119.773428855839	1
4	3337	120.773428855839	1
4	3363	121.773428855839	1
4	3392	122.773428855839	1
4	3418	123.773428855839	1
4	3450	124.773428855839	1
4	3479	125.773428855839	1
4	3505	126.773428855839	1
4	3538	127.773428855839	1
4	3570	128.773428855839	1
4	3602	129.773428855839	1
4	3631	130.773428855839	1
4	3663	131.773428855839	1
4	3695	132.773428855839	1
4	3730	133.773428855839	1
4	3762	134.773428855839	1
4	3794	135.773428855839	1
4	3823	136.773428855839	1
4	3849	137.773428855839	1
4	3878	138.773428855839	1
4	3907	139.773428855839	1
4	3939	140.773428855839	1
4	3968	141.773428855839	1
4	3991	142.773428855839	1
4	4020	143.773428855839	1
4	4043	144.773428855839	1
4	4072	145.773428855839	1
4	4110	146.773428855839	1
4	4136	147.773428855839	1
4	4162	148.773428855839	1
4	4191	149.773428855839	1
4	4214	150.773428855839	1
4	4243	151.773428855839	1
4	4266	152.773428855839	1
4	4292	153.773428855839	1
4	4315	154.773428855839	1
4	4350	155.773428855839	1
4	4385	156.773428855839	1
4	4408	157.773428855839	1
4	4437	158.773428855839	1
4	4460	159.773428855839	1
4	4492	160.773428855839	1
4	4530	161.773428855839	1
4	4556	162.773428855839	1
4	4585	163.773428855839	1
4	4611	164.773428855839	1
4	4643	165.773428855839	1
4	4669	166.773428855839	1
4	4698	167.773428855839	1
4	4721	168.773428855839	1
4	4756	169.773428855839	1
4	4782	170.773428855839	1
4	4808	171.773428855839	1
4	4834	172.773428855839	1
4	4869	173.773428855839	1
4	4907	174.773428855839	1
4	4942	175.773428855839	1
4	4971	176.773428855839	1
4	4997	177.773428855839	1
4	5023	178.773428855839	1
4	5049	179.773428855839	1
4	5078	180.773428855839	1
4	5110	181.773428855839	1
4	5139	182.773428855839	1
4	5171	183.773428855839	1
4	5200	184.773428855839	1
4	5226	185.773428855839	1
4	5249	186.773428855839	1
4	5275	187.773428855839	1
4	5301	188.773428855839	1
4	5330	189.773428855839	1
4	5359	190.773428855839	1
4	5385	191.773428855839	1
4	5414	192.773428855839	1
4	5443	193.773428855839	1
4	5469	194.773428855839	1
4	5510	195.773428855839	1
4	5539	196.773428855839	1
4	5562	197.773428855839	1
4	5590	198.773428855839	1
4	5615	199.773428855839	1
5	339	14.773428855839	1
5	340	14.773428855839	0
5	377	15.773428855839	1
5	378	15.773428855839	0
5	403	16.773428855839	1
5	404	16.773428855839	0
5	429	17.773428855839	1
5	430	17.773428855839	0
5	452	18.773428855839	1
5	453	18.773428855839	0
5	484	19.773428855839	1
5	485	19.773428855839	0
5	507	20.773428855839	1
5	508	20.773428855839	0
5	536	21.773428855839	1
5	537	21.773428855839	0
5	562	22.773428855839	1
5	563	22.773428855839	0
5	583	23.773428855839	1
5	584	23.773428855839	0
5	597	24.773428855839	1
5	598	24.773428855839	0
5	621	25.773428855839	1
5	622	25.773428855839	0
5	643	26.773428855839	1
5	644	26.773428855839	0
5	676	27.773428855839	1
5	677	27.773428855839	0
5	709	28.773428855839	1
5	710	28.773428855839	0
5	738	29.773428855839	1
5	739	29.773428855839	0
5	761	30.773428855839	1
5	762	30.773428855839	0
5	788	31.773428855839	1
5	789	31.773428855839	0
5	818	32.773428855839	1
5	819	32.773428855839	0
5	837	33.773428855839	1
5	838	33.773428855839	0
5	876	34.773428855839	1
5	877	34.773428855839	0
5	911	35.773428855839	1
5	912	35.773428855839	0
5	943	36.773428855839	1
5	944	36.773428855839	0
5	972	37.773428855839	1
5	973	37.773428855839	0
5	995	38.773428855839	1
5	996	38.773428855839	0
5	1024	39.773428855839	1
5	1025	39.773428855839	0
5	1053	40.773428855839	1
5	1054	40.773428855839	0
5	1085	41.773428855839	1
5	1086	41.773428855839	0
5	1108	42.773428855839	1
5	1109	42.773428855839	0
5	1143	43.773428855839	1
5	1144	43.773428855839	0
5	1166	44.773428855839	1
5	1167	44.773428855839	0
5	1192	45.773428855839	1
5	1193	45.773428855839	0
5	1225	46.773428855839	1
5	1226	46.773428855839	0
5	1260	47.773428855839	1
5	1261	47.773428855839	0
5	1292	48.773428855839	1
5	1293	48.773428855839	0
5	1327	49.773428855839	1
5	1328	49.773428855839	0
5	1356	50.773428855839	1
5	1357	50.773428855839	0
5	1379	51.773428855839	1
5	1380	51.773428855839	0
5	1402	52.773428855839	1
5	1403	52.773428855839	0
5	1425	53.773428855839	1
5	1426	53.773428855839	0
5	1460	54.773428855839	1
5	1461	54.773428855839	0
5	1492	55.773428855839	1
5	1493	55.773428855839	0
5	1518	56.773428855839	1
5	1519	56.773428855839	0
5	1547	57.773428855839	1
5	1548	57.773428855839	0
5	1573	58.773428855839	1
5	1574	58.773428855839	0
5	1602	59.773428855839	1
5	1603	59.773428855839	0
5	1635	60.773428855839	1
5	1636	60.773428855839	0
5	1667	61.773428855839	1
5	1668	61.773428855839	0
5	1705	62.773428855839	1
5	1706	62.773428855839	0
5	1728	63.773428855839	1
5	1729	63.773428855839	0
5	1757	64.773428855839	1
5	1758	64.773428855839	0
5	1792	65.773428855839	1
5	1793	65.773428855839	0
5	1818	66.773428855839	1
5	1819	66.773428855839	0
5	1844	67.773428855839	1
5	1845	67.773428855839	0
5	1876	68.773428855839	1
5	1877	68.773428855839	0
5	1899	69.773428855839	1
5	1900	69.773428855839	0
5	1922	70.773428855839	1
5	1923	70.773428855839	0
5	1945	71.773428855839	1
5	1946	71.773428855839	0
5	1970	72.773428855839	1
5	1971	72.773428855839	0
5	1995	73.773428855839	1
5	1996	73.773428855839	0
5	2024	74.773428855839	1
5	2025	74.773428855839	0
5	2053	75.773428855839	1
5	2054	75.773428855839	0
5	2071	76.773428855839	1
5	2072	76.773428855839	0
5	2104	77.773428855839	1
5	2105	77.773428855839	0
5	2132	78.773428855839	1
5	2133	78.773428855839	0
5	2161	79.773428855839	1
5	2162	79.773428855839	0
5	2187	80.773428855839	1
5	2188	80.773428855839	0
5	2216	81.773428855839	1
5	2217	81.773428855839	0
5	2242	82.773428855839	1
5	2243	82.773428855839	0
5	2274	83.773428855839	1
5	2275	83.773428855839	0
5	2303	84.773428855839	1
5	2304	84.773428855839	0
5	2335	85.773428855839	1
5	2336	85.773428855839	0
5	2361	86.773428855839	1
5	2362	86.773428855839	0
5	2393	87.773428855839	1
5	2394	87.773428855839	0
5	2416	88.773428855839	1
5	2417	88.773428855839	0
5	2442	89.773428855839	1
5	2443	89.773428855839	0
5	2474	90.773428855839	1
5	2475	90.773428855839	0
5	2506	91.773428855839	1
5	2507	91.773428855839	0
5	2532	92.773428855839	1
5	2533	92.773428855839	0
5	2561	93.773428855839	1
5	2562	93.773428855839	0
5	2590	94.773428855839	1
5	2591	94.773428855839	0
5	2619	95.773428855839	1
5	2620	95.773428855839	0
5	2654	96.773428855839	1
5	2655	96.773428855839	0
5	2689	97.773428855839	1
5	2690	97.773428855839	0
5	2721	98.773428855839	1
5	2722	98.773428855839	0
5	2753	99.773428855839	1
5	2754	99.773428855839	0
5	2782	100.773428855839	1
5	2783	100.773428855839	0
5	2814	101.773428855839	1
5	2815	101.773428855839	0
5	2840	102.773428855839	1
5	2841	102.773428855839	0
5	2866	103.773428855839	1
5	2867	103.773428855839	0
5	2898	104.773428855839	1
5	2899	104.773428855839	0
5	2924	105.773428855839	1
5	2925	105.773428855839	0
5	2950	106.773428855839	1
5	2951	106.773428855839	0
5	2982	107.773428855839	1
5	2983	107.773428855839	0
5	3005	108.773428855839	1
5	3006	108.773428855839	0
5	3031	109.773428855839	1
5	3032	109.773428855839	0
5	3060	110.773428855839	1
5	3061	110.773428855839	0
5	3089	111.773428855839	1
5	3090	111.773428855839	0
5	3115	112.773428855839	1
5	3116	112.773428855839	0
5	3138	113.773428855839	1
5	3139	113.773428855839	0
5	3170	114.773428855839	1
5	3171	114.773428855839	0
5	3196	115.773428855839	1
5	3197	115.773428855839	0
5	3228	116.773428855839	1
5	3229	116.773428855839	0
5	3257	117.773428855839	1
5	3258	117.773428855839	0
5	3283	118.773428855839	1
5	3284	118.773428855839	0
5	3315	119.773428855839	1
5	3316	119.773428855839	0
5	3338	120.773428855839	1
5	3339	120.773428855839	0
5	3364	121.773428855839	1
5	3365	121.773428855839	0
5	3393	122.773428855839	1
5	3394	122.773428855839	0
5	3419	123.773428855839	1
5	3420	123.773428855839	0
5	3451	124.773428855839	1
5	3452	124.773428855839	0
5	3480	125.773428855839	1
5	3481	125.773428855839	0
5	3506	126.773428855839	1
5	3507	126.773428855839	0
5	3539	127.773428855839	1
5	3540	127.773428855839	0
5	3571	128.773428855839	1
5	3572	128.773428855839	0
5	3603	129.773428855839	1
5	3604	129.773428855839	0
5	3632	130.773428855839	1
5	3633	130.773428855839	0
5	3664	131.773428855839	1
5	3665	131.773428855839	0
5	3696	132.773428855839	1
5	3697	132.773428855839	0
5	3731	133.773428855839	1
5	3732	133.773428855839	0
5	3763	134.773428855839	1
5	3764	134.773428855839	0
5	3795	135.773428855839	1
5	3796	135.773428855839	0
5	3824	136.773428855839	1
5	3825	136.773428855839	0
5	3850	137.773428855839	1
5	3851	137.773428855839	0
5	3879	138.773428855839	1
5	3880	138.773428855839	0
5	3908	139.773428855839	1
5	3909	139.773428855839	0
5	3940	140.773428855839	1
5	3941	140.773428855839	0
5	3969	141.773428855839	1
5	3970	141.773428855839	0
5	3992	142.773428855839	1
5	3993	142.773428855839	0
5	4021	143.773428855839	1
5	4022	143.773428855839	0
5	4044	144.773428855839	1
5	4045	144.773428855839	0
5	4073	145.773428855839	1
5	4074	145.773428855839	0
5	4111	146.773428855839	1
5	4112	146.773428855839	0
5	4137	147.773428855839	1
5	4138	147.773428855839	0
5	4163	148.773428855839	1
5	4164	148.773428855839	0
5	4192	149.773428855839	1
5	4193	149.773428855839	0
5	4215	150.773428855839	1
5	4216	150.773428855839	0
5	4244	151.773428855839	1
5	4245	151.773428855839	0
5	4267	152.773428855839	1
5	4268	152.773428855839	0
5	4293	153.773428855839	1
5	4294	153.773428855839	0
5	4316	154.773428855839	1
5	4317	154.773428855839	0
5	4351	155.773428855839	1
5	4352	155.773428855839	0
5	4386	156.773428855839	1
5	4387	156.773428855839	0
5	4409	157.773428855839	1
5	4410	157.773428855839	0
5	4438	158.773428855839	1
5	4439	158.773428855839	0
5	4461	159.773428855839	1
5	4462	159.773428855839	0
5	4493	160.773428855839	1
5	4494	160.773428855839	0
5	4531	161.773428855839	1
5	4532	161.773428855839	0
5	4557	162.773428855839	1
5	4558	162.773428855839	0
5	4586	163.773428855839	1
5	4587	163.773428855839	0
5	4612	164.773428855839	1
5	4613	164.773428855839	0
5	4644	165.773428855839	1
5	4645	165.773428855839	0
5	4670	166.773428855839	1
5	4671	166.773428855839	0
5	4699	167.773428855839	1
5	4700	167.773428855839	0
5	4722	168.773428855839	1
5	4723	168.773428855839	0
5	4757	169.773428855839	1
5	4758	169.773428855839	0
5	4783	170.773428855839	1
5	4784	170.773428855839	0
5	4809	171.773428855839	1
5	4810	171.773428855839	0
5	4835	172.773428855839	1
5	4836	172.773428855839	0
5	4870	173.773428855839	1
5	4871	173.773428855839	0
5	4908	174.773428855839	1
5	4909	174.773428855839	0
5	4943	175.773428855839	1
5	4944	175.773428855839	0
5	4972	176.773428855839	1
5	4973	176.773428855839	0
5	4998	177.773428855839	1
5	4999	177.773428855839	0
5	5024	178.773428855839	1
5	5025	178.773428855839	0
5	5050	179.773428855839	1
5	5051	179.773428855839	0
5	5079	180.773428855839	1
5	5080	180.773428855839	0
5	5111	181.773428855839	1
5	5112	181.773428855839	0
5	5140	182.773428855839	1
5	5141	182.773428855839	0
5	5172	183.773428855839	1
5	5173	183.773428855839	0
5	5201	184.773428855839	1
5	5202	184.773428855839	0
5	5227	185.773428855839	1
5	5228	185.773428855839	0
5	5250	186.773428855839	1
5	5251	186.773428855839	0
5	5276	187.773428855839	1
5	5277	187.773428855839	0
5	5302	188.773428855839	1
5	5303	188.773428855839	0
5	5331	189.773428855839	1
5	5332	189.773428855839	0
5	5360	190.773428855839	1
5	5361	190.773428855839	0
5	5386	191.773428855839	1
5	5387	191.773428855839	0
5	5415	192.773428855839	1
5	5416	192.773428855839	0
5	5444	193.773428855839	1
5	5445	193.773428855839	0
5	5470	194.773428855839	1
5	5471	194.773428855839	0
5	5511	195.773428855839	1
5	5512	195.773428855839	0
5	5540	196.773428855839	1
5	5541	196.773428855839	0
5	5563	197.773428855839	1
5	5564	197.773428855839	0
5	5591	198.773428855839	1
5	5592	198.773428855839	0
5	5616	199.773428855839	1
5	5617	199.773428855839	0
6	323	14.363072325843	1
6	364	15.363072325843	1
6	393	16.363072325843	1
6	416	17.363072325843	1
6	442	18.363072325843	1
6	474	19.363072325843	1
6	497	20.363072325843	1
6	526	21.363072325843	1
6	552	22.363072325843	1
6	636	26.047409410774	1
6	659	27.047409410774	1
6	692	28.182874844391	1
6	728	29.20430671874	1
6	751	30.20430671874	1
6	830	32.971048391769	1
6	850	33.971048391769	1
6	895	35.100997919552	1
6	924	36.100997919552	1
6	959	37.100997919552	1
6	985	38.100997919552	1
6	1008	39.100997919552	1
6	1037	40.100997919552	1
6	1069	41.100997919552	1
6	1098	42.100997919552	1
6	1130	43.100997919552	1
6	1156	44.100997919552	1
6	1182	45.100997919552	1
6	1208	46.100997919552	1
6	1253	47.540607172454	1
6	1279	48.540607172454	1
6	1314	49.540607172454	1
6	1343	50.540607172454	1
6	1369	51.540607172454	1
6	1392	52.540607172454	1
6	1415	53.540607172454	1
6	1450	54.540607172454	1
6	1482	55.540607172454	1
6	1505	56.540607172454	1
6	1534	57.540607172454	1
6	1563	58.540607172454	1
6	1592	59.540607172454	1
6	1618	60.540607172454	1
6	1660	61.632580586152	1
6	1692	62.632580586152	1
6	1718	63.632580586152	1
6	1747	64.632580586152	1
6	1773	65.632580586152	1
6	1805	66.632580586152	1
6	1834	67.632580586152	1
6	1866	68.632580586152	1
6	1889	69.632580586152	1
6	1912	70.632580586152	1
6	1935	71.632580586152	1
6	1985	73.293219858336	1
6	2014	74.293219858336	1
6	2040	75.293219858336	1
6	2122	78.400067332569	1
6	2148	79.400067332569	1
6	2174	80.400067332569	1
6	2203	81.400067332569	1
6	2232	82.400067332569	1
6	2261	83.400067332569	1
6	2287	84.400067332569	1
6	2316	85.400067332569	1
6	2348	86.400067332569	1
6	2377	87.400067332569	1
6	2406	88.400067332569	1
6	2429	89.400067332569	1
6	2461	90.400067332569	1
6	2496	91.400067332569	1
6	2522	92.400067332569	1
6	2551	93.400067332569	1
6	2580	94.400067332569	1
6	2606	95.400067332569	1
6	2641	96.400067332569	1
6	2679	97.400067332569	1
6	2711	98.400067332569	1
6	2740	99.400067332569	1
6	2769	100.400067332569	1
6	2801	101.400067332569	1
6	2830	102.400067332569	1
6	2856	103.400067332569	1
6	2885	104.400067332569	1
6	2914	105.400067332569	1
6	2940	106.400067332569	1
6	2972	107.400067332569	1
6	2995	108.400067332569	1
6	3021	109.400067332569	1
6	3050	110.400067332569	1
6	3079	111.400067332569	1
6	3102	112.400067332569	1
6	3128	113.400067332569	1
6	3157	114.400067332569	1
6	3186	115.400067332569	1
6	3212	116.400067332569	1
6	3244	117.400067332569	1
6	3273	118.400067332569	1
6	3305	119.400067332569	1
6	3328	120.400067332569	1
6	3354	121.400067332569	1
6	3380	122.400067332569	1
6	3409	123.400067332569	1
6	3438	124.400067332569	1
6	3470	125.400067332569	1
6	3493	126.400067332569	1
6	3522	127.400067332569	1
6	3564	128.649152527223	1
6	3593	129.649152527223	1
6	3622	130.649152527223	1
6	3654	131.649152527223	1
6	3683	132.649152527223	1
6	3721	133.649152527223	1
6	3750	134.649152527223	1
6	3785	135.649152527223	1
6	3814	136.649152527223	1
6	3840	137.649152527223	1
6	3869	138.649152527223	1
6	3895	139.649152527223	1
6	3930	140.649152527223	1
6	3959	141.649152527223	1
6	3982	142.649152527223	1
6	4011	143.649152527223	1
6	4034	144.649152527223	1
6	4063	145.649152527223	1
6	4101	146.649152527223	1
6	4127	147.649152527223	1
6	4153	148.649152527223	1
6	4182	149.649152527223	1
6	4205	150.649152527223	1
6	4234	151.649152527223	1
6	4257	152.649152527223	1
6	4283	153.649152527223	1
6	4306	154.649152527223	1
6	4335	155.649152527223	1
6	4370	156.649152527223	1
6	4399	157.649152527223	1
6	4428	158.649152527223	1
6	4451	159.649152527223	1
6	4480	160.649152527223	1
6	4521	161.649152527223	1
6	4547	162.649152527223	1
6	4576	163.649152527223	1
6	4602	164.649152527223	1
6	4634	165.649152527223	1
6	4660	166.649152527223	1
6	4689	167.649152527223	1
6	4712	168.649152527223	1
6	4747	169.649152527223	1
6	4773	170.649152527223	1
6	4799	171.649152527223	1
6	4825	172.649152527223	1
6	4857	173.649152527223	1
6	4895	174.649152527223	1
6	4933	175.649152527223	1
6	4962	176.649152527223	1
6	4988	177.649152527223	1
6	5014	178.649152527223	1
6	5037	179.649152527223	1
6	5069	180.649152527223	1
6	5098	181.649152527223	1
6	5130	182.649152527223	1
6	5162	183.649152527223	1
6	5191	184.649152527223	1
6	5217	185.649152527223	1
6	5240	186.649152527223	1
6	5266	187.649152527223	1
6	5292	188.649152527223	1
6	5321	189.649152527223	1
6	5350	190.649152527223	1
6	5376	191.649152527223	1
6	5405	192.649152527223	1
6	5434	193.649152527223	1
6	5460	194.649152527223	1
6	5498	195.649152527223	1
6	5527	196.649152527223	1
6	5553	197.649152527223	1
6	5609	199.64898529358	1
7	324	14.363072325843	1
7	325	14.363072325843	0
7	365	15.363072325843	1
7	366	15.363072325843	0
7	394	16.363072325843	1
7	395	16.363072325843	0
7	417	17.363072325843	1
7	418	17.363072325843	0
7	443	18.363072325843	1
7	444	18.363072325843	0
7	475	19.363072325843	1
7	476	19.363072325843	0
7	498	20.363072325843	1
7	499	20.363072325843	0
7	527	21.363072325843	1
7	528	21.363072325843	0
7	553	22.363072325843	1
7	554	22.363072325843	0
7	637	26.047409410774	1
7	638	26.047409410774	0
7	660	27.047409410774	1
7	661	27.047409410774	0
7	693	28.182874844391	1
7	694	28.182874844391	0
7	729	29.20430671874	1
7	730	29.20430671874	0
7	752	30.20430671874	1
7	753	30.20430671874	0
7	831	32.971048391769	1
7	832	32.971048391769	0
7	851	33.971048391769	1
7	852	33.971048391769	0
7	896	35.100997919552	1
7	897	35.100997919552	0
7	925	36.100997919552	1
7	926	36.100997919552	0
7	960	37.100997919552	1
7	961	37.100997919552	0
7	986	38.100997919552	1
7	987	38.100997919552	0
7	1009	39.100997919552	1
7	1010	39.100997919552	0
7	1038	40.100997919552	1
7	1039	40.100997919552	0
7	1070	41.100997919552	1
7	1071	41.100997919552	0
7	1099	42.100997919552	1
7	1100	42.100997919552	0
7	1131	43.100997919552	1
7	1132	43.100997919552	0
7	1157	44.100997919552	1
7	1158	44.100997919552	0
7	1183	45.100997919552	1
7	1184	45.100997919552	0
7	1209	46.100997919552	1
7	1210	46.100997919552	0
7	1254	47.540607172454	1
7	1255	47.540607172454	0
7	1280	48.540607172454	1
7	1281	48.540607172454	0
7	1315	49.540607172454	1
7	1316	49.540607172454	0
7	1344	50.540607172454	1
7	1345	50.540607172454	0
7	1370	51.540607172454	1
7	1371	51.540607172454	0
7	1393	52.540607172454	1
7	1394	52.540607172454	0
7	1416	53.540607172454	1
7	1417	53.540607172454	0
7	1451	54.540607172454	1
7	1452	54.540607172454	0
7	1483	55.540607172454	1
7	1484	55.540607172454	0
7	1506	56.540607172454	1
7	1507	56.540607172454	0
7	1535	57.540607172454	1
7	1536	57.540607172454	0
7	1564	58.540607172454	1
7	1565	58.540607172454	0
7	1593	59.540607172454	1
7	1594	59.540607172454	0
7	1619	60.540607172454	1
7	1620	60.540607172454	0
7	1661	61.632580586152	1
7	1662	61.632580586152	0
7	1693	62.632580586152	1
7	1694	62.632580586152	0
7	1719	63.632580586152	1
7	1720	63.632580586152	0
7	1748	64.632580586152	1
7	1749	64.632580586152	0
7	1774	65.632580586152	1
7	1775	65.632580586152	0
7	1806	66.632580586152	1
7	1807	66.632580586152	0
7	1835	67.632580586152	1
7	1836	67.632580586152	0
7	1867	68.632580586152	1
7	1868	68.632580586152	0
7	1890	69.632580586152	1
7	1891	69.632580586152	0
7	1913	70.632580586152	1
7	1914	70.632580586152	0
7	1936	71.632580586152	1
7	1937	71.632580586152	0
7	1986	73.293219858336	1
7	1987	73.293219858336	0
7	2015	74.293219858336	1
7	2016	74.293219858336	0
7	2041	75.293219858336	1
7	2042	75.293219858336	0
7	2123	78.400067332569	1
7	2124	78.400067332569	0
7	2149	79.400067332569	1
7	2150	79.400067332569	0
7	2175	80.400067332569	1
7	2176	80.400067332569	0
7	2204	81.400067332569	1
7	2205	81.400067332569	0
7	2233	82.400067332569	1
7	2234	82.400067332569	0
7	2262	83.400067332569	1
7	2263	83.400067332569	0
7	2288	84.400067332569	1
7	2289	84.400067332569	0
7	2317	85.400067332569	1
7	2318	85.400067332569	0
7	2349	86.400067332569	1
7	2350	86.400067332569	0
7	2378	87.400067332569	1
7	2379	87.400067332569	0
7	2407	88.400067332569	1
7	2408	88.400067332569	0
7	2430	89.400067332569	1
7	2431	89.400067332569	0
7	2462	90.400067332569	1
7	2463	90.400067332569	0
7	2497	91.400067332569	1
7	2498	91.400067332569	0
7	2523	92.400067332569	1
7	2524	92.400067332569	0
7	2552	93.400067332569	1
7	2553	93.400067332569	0
7	2581	94.400067332569	1
7	2582	94.400067332569	0
7	2607	95.400067332569	1
7	2608	95.400067332569	0
7	2642	96.400067332569	1
7	2643	96.400067332569	0
7	2680	97.400067332569	1
7	2681	97.400067332569	0
7	2712	98.400067332569	1
7	2713	98.400067332569	0
7	2741	99.400067332569	1
7	2742	99.400067332569	0
7	2770	100.400067332569	1
7	2771	100.400067332569	0
7	2802	101.400067332569	1
7	2803	101.400067332569	0
7	2831	102.400067332569	1
7	2832	102.400067332569	0
7	2857	103.400067332569	1
7	2858	103.400067332569	0
7	2886	104.400067332569	1
7	2887	104.400067332569	0
7	2915	105.400067332569	1
7	2916	105.400067332569	0
7	2941	106.400067332569	1
7	2942	106.400067332569	0
7	2973	107.400067332569	1
7	2974	107.400067332569	0
7	2996	108.400067332569	1
7	2997	108.400067332569	0
7	3022	109.400067332569	1
7	3023	109.400067332569	0
7	3051	110.400067332569	1
7	3052	110.400067332569	0
7	3080	111.400067332569	1
7	3081	111.400067332569	0
7	3103	112.400067332569	1
7	3104	112.400067332569	0
7	3129	113.400067332569	1
7	3130	113.400067332569	0
7	3158	114.400067332569	1
7	3159	114.400067332569	0
7	3187	115.400067332569	1
7	3188	115.400067332569	0
7	3213	116.400067332569	1
7	3214	116.400067332569	0
7	3245	117.400067332569	1
7	3246	117.400067332569	0
7	3274	118.400067332569	1
7	3275	118.400067332569	0
7	3306	119.400067332569	1
7	3307	119.400067332569	0
7	3329	120.400067332569	1
7	3330	120.400067332569	0
7	3355	121.400067332569	1
7	3356	121.400067332569	0
7	3381	122.400067332569	1
7	3382	122.400067332569	0
7	3410	123.400067332569	1
7	3411	123.400067332569	0
7	3439	124.400067332569	1
7	3440	124.400067332569	0
7	3471	125.400067332569	1
7	3472	125.400067332569	0
7	3494	126.400067332569	1
7	3495	126.400067332569	0
7	3523	127.400067332569	1
7	3524	127.400067332569	0
7	3565	128.649152527223	1
7	3566	128.649152527223	0
7	3594	129.649152527223	1
7	3595	129.649152527223	0
7	3623	130.649152527223	1
7	3624	130.649152527223	0
7	3655	131.649152527223	1
7	3656	131.649152527223	0
7	3684	132.649152527223	1
7	3685	132.649152527223	0
7	3722	133.649152527223	1
7	3723	133.649152527223	0
7	3751	134.649152527223	1
7	3752	134.649152527223	0
7	3786	135.649152527223	1
7	3787	135.649152527223	0
7	3815	136.649152527223	1
7	3816	136.649152527223	0
7	3841	137.649152527223	1
7	3842	137.649152527223	0
7	3870	138.649152527223	1
7	3871	138.649152527223	0
7	3896	139.649152527223	1
7	3897	139.649152527223	0
7	3931	140.649152527223	1
7	3932	140.649152527223	0
7	3960	141.649152527223	1
7	3961	141.649152527223	0
7	3983	142.649152527223	1
7	3984	142.649152527223	0
7	4012	143.649152527223	1
7	4013	143.649152527223	0
7	4035	144.649152527223	1
7	4036	144.649152527223	0
7	4064	145.649152527223	1
7	4065	145.649152527223	0
7	4102	146.649152527223	1
7	4103	146.649152527223	0
7	4128	147.649152527223	1
7	4129	147.649152527223	0
7	4154	148.649152527223	1
7	4155	148.649152527223	0
7	4183	149.649152527223	1
7	4184	149.649152527223	0
7	4206	150.649152527223	1
7	4207	150.649152527223	0
7	4235	151.649152527223	1
7	4236	151.649152527223	0
7	4258	152.649152527223	1
7	4259	152.649152527223	0
7	4284	153.649152527223	1
7	4285	153.649152527223	0
7	4307	154.649152527223	1
7	4308	154.649152527223	0
7	4336	155.649152527223	1
7	4337	155.649152527223	0
7	4371	156.649152527223	1
7	4372	156.649152527223	0
7	4400	157.649152527223	1
7	4401	157.649152527223	0
7	4429	158.649152527223	1
7	4430	158.649152527223	0
7	4452	159.649152527223	1
7	4453	159.649152527223	0
7	4481	160.649152527223	1
7	4482	160.649152527223	0
7	4522	161.649152527223	1
7	4523	161.649152527223	0
7	4548	162.649152527223	1
7	4549	162.649152527223	0
7	4577	163.649152527223	1
7	4578	163.649152527223	0
7	4603	164.649152527223	1
7	4604	164.649152527223	0
7	4635	165.649152527223	1
7	4636	165.649152527223	0
7	4661	166.649152527223	1
7	4662	166.649152527223	0
7	4690	167.649152527223	1
7	4691	167.649152527223	0
7	4713	168.649152527223	1
7	4714	168.649152527223	0
7	4748	169.649152527223	1
7	4749	169.649152527223	0
7	4774	170.649152527223	1
7	4775	170.649152527223	0
7	4800	171.649152527223	1
7	4801	171.649152527223	0
7	4826	172.649152527223	1
7	4827	172.649152527223	0
7	4858	173.649152527223	1
7	4859	173.649152527223	0
7	4896	174.649152527223	1
7	4897	174.649152527223	0
7	4934	175.649152527223	1
7	4935	175.649152527223	0
7	4963	176.649152527223	1
7	4964	176.649152527223	0
7	4989	177.649152527223	1
7	4990	177.649152527223	0
7	5015	178.649152527223	1
7	5016	178.649152527223	0
7	5038	179.649152527223	1
7	5039	179.649152527223	0
7	5070	180.649152527223	1
7	5071	180.649152527223	0
7	5099	181.649152527223	1
7	5100	181.649152527223	0
7	5131	182.649152527223	1
7	5132	182.649152527223	0
7	5163	183.649152527223	1
7	5164	183.649152527223	0
7	5192	184.649152527223	1
7	5193	184.649152527223	0
7	5218	185.649152527223	1
7	5219	185.649152527223	0
7	5241	186.649152527223	1
7	5242	186.649152527223	0
7	5267	187.649152527223	1
7	5268	187.649152527223	0
7	5293	188.649152527223	1
7	5294	188.649152527223	0
7	5322	189.649152527223	1
7	5323	189.649152527223	0
7	5351	190.649152527223	1
7	5352	190.649152527223	0
7	5377	191.649152527223	1
7	5378	191.649152527223	0
7	5406	192.649152527223	1
7	5407	192.649152527223	0
7	5435	193.649152527223	1
7	5436	193.649152527223	0
7	5461	194.649152527223	1
7	5462	194.649152527223	0
7	5499	195.649152527223	1
7	5500	195.649152527223	0
7	5528	196.649152527223	1
7	5529	196.649152527223	0
7	5554	197.649152527223	1
7	5555	197.649152527223	0
7	5610	199.64898529358	1
7	5611	199.64898529358	0
8	343	14.773528855839	1
8	381	15.773528855839	1
8	407	16.773528855839	1
8	433	17.773528855839	1
8	456	18.773528855839	1
8	488	19.773528855839	1
8	511	20.773528855839	1
8	540	21.773528855839	1
8	566	22.773528855839	1
8	587	23.773528855839	1
8	601	24.773528855839	1
8	625	25.773528855839	1
8	647	26.773528855839	1
8	680	27.773528855839	1
8	713	28.773528855839	1
8	742	29.773528855839	1
8	765	30.773528855839	1
8	792	31.773528855839	1
8	822	32.773528855839	1
8	841	33.773528855839	1
8	880	34.773528855839	1
8	915	35.773528855839	1
8	947	36.773528855839	1
8	976	37.773528855839	1
8	999	38.773528855839	1
8	1028	39.773528855839	1
8	1057	40.773528855839	1
8	1089	41.773528855839	1
8	1112	42.773528855839	1
8	1147	43.773528855839	1
8	1170	44.773528855839	1
8	1196	45.773528855839	1
8	1229	46.773528855839	1
8	1264	47.773528855839	1
8	1296	48.773528855839	1
8	1331	49.773528855839	1
8	1360	50.773528855839	1
8	1383	51.773528855839	1
8	1406	52.773528855839	1
8	1429	53.773528855839	1
8	1464	54.773528855839	1
8	1496	55.773528855839	1
8	1522	56.773528855839	1
8	1551	57.773528855839	1
8	1577	58.773528855839	1
8	1606	59.773528855839	1
8	1639	60.773528855839	1
8	1671	61.773528855839	1
8	1709	62.773528855839	1
8	1732	63.773528855839	1
8	1761	64.773528855839	1
8	1796	65.773528855839	1
8	1822	66.773528855839	1
8	1848	67.773528855839	1
8	1880	68.773528855839	1
8	1903	69.773528855839	1
8	1926	70.773528855839	1
8	1949	71.773528855839	1
8	1974	72.773528855839	1
8	1999	73.773528855839	1
8	2028	74.773528855839	1
8	2057	75.773528855839	1
8	2075	76.773528855839	1
8	2108	77.773528855839	1
8	2136	78.773528855839	1
8	2165	79.773528855839	1
8	2191	80.773528855839	1
8	2220	81.773528855839	1
8	2246	82.773528855839	1
8	2278	83.773528855839	1
8	2307	84.773528855839	1
8	2339	85.773528855839	1
8	2365	86.773528855839	1
8	2397	87.773528855839	1
8	2420	88.773528855839	1
8	2446	89.773528855839	1
8	2478	90.773528855839	1
8	2510	91.773528855839	1
8	2536	92.773528855839	1
8	2565	93.773528855839	1
8	2594	94.773528855839	1
8	2623	95.773528855839	1
8	2658	96.773528855839	1
8	2693	97.773528855839	1
8	2725	98.773528855839	1
8	2757	99.773528855839	1
8	2786	100.773528855839	1
8	2818	101.773528855839	1
8	2844	102.773528855839	1
8	2870	103.773528855839	1
8	2902	104.773528855839	1
8	2928	105.773528855839	1
8	2954	106.773528855839	1
8	2986	107.773528855839	1
8	3009	108.773528855839	1
8	3035	109.773528855839	1
8	3064	110.773528855839	1
8	3093	111.773528855839	1
8	3119	112.773528855839	1
8	3142	113.773528855839	1
8	3174	114.773528855839	1
8	3200	115.773528855839	1
8	3232	116.773528855839	1
8	3261	117.773528855839	1
8	3287	118.773528855839	1
8	3319	119.773528855839	1
8	3342	120.773528855839	1
8	3368	121.773528855839	1
8	3397	122.773528855839	1
8	3423	123.773528855839	1
8	3455	124.773528855839	1
8	3484	125.773528855839	1
8	3510	126.773528855839	1
8	3543	127.773528855839	1
8	3575	128.773528855839	1
8	3607	129.773528855839	1
8	3636	130.773528855839	1
8	3668	131.773528855839	1
8	3700	132.773528855839	1
8	3735	133.773528855839	1
8	3767	134.773528855839	1
8	3799	135.773528855839	1
8	3828	136.773528855839	1
8	3854	137.773528855839	1
8	3883	138.773528855839	1
8	3912	139.773528855839	1
8	3944	140.773528855839	1
8	3973	141.773528855839	1
8	3996	142.773528855839	1
8	4025	143.773528855839	1
8	4048	144.773528855839	1
8	4077	145.773528855839	1
8	4115	146.773528855839	1
8	4141	147.773528855839	1
8	4167	148.773528855839	1
8	4196	149.773528855839	1
8	4219	150.773528855839	1
8	4248	151.773528855839	1
8	4271	152.773528855839	1
8	4297	153.773528855839	1
8	4320	154.773528855839	1
8	4355	155.773528855839	1
8	4390	156.773528855839	1
8	4413	157.773528855839	1
8	4442	158.773528855839	1
8	4465	159.773528855839	1
8	4497	160.773528855839	1
8	4535	161.773528855839	1
8	4561	162.773528855839	1
8	4590	163.773528855839	1
8	4616	164.773528855839	1
8	4648	165.773528855839	1
8	4674	166.773528855839	1
8	4703	167.773528855839	1
8	4726	168.773528855839	1
8	4761	169.773528855839	1
8	4787	170.773528855839	1
8	4813	171.773528855839	1
8	4839	172.773528855839	1
8	4874	173.773528855839	1
8	4912	174.773528855839	1
8	4947	175.773528855839	1
8	4976	176.773528855839	1
8	5002	177.773528855839	1
8	5028	178.773528855839	1
8	5054	179.773528855839	1
8	5083	180.773528855839	1
8	5115	181.773528855839	1
8	5144	182.773528855839	1
8	5176	183.773528855839	1
8	5205	184.773528855839	1
8	5231	185.773528855839	1
8	5254	186.773528855839	1
8	5280	187.773528855839	1
8	5306	188.773528855839	1
8	5335	189.773528855839	1
8	5364	190.773528855839	1
8	5390	191.773528855839	1
8	5419	192.773528855839	1
8	5448	193.773528855839	1
8	5474	194.773528855839	1
8	5515	195.773528855839	1
8	5544	196.773528855839	1
8	5567	197.773528855839	1
8	5595	198.773528855839	1
8	5620	199.773528855839	1
9	344	14.773528855839	1
9	345	14.773528855839	0
9	382	15.773528855839	1
9	383	15.773528855839	0
9	408	16.773528855839	1
9	409	16.773528855839	0
9	434	17.773528855839	1
9	435	17.773528855839	0
9	457	18.773528855839	1
9	458	18.773528855839	0
9	489	19.773528855839	1
9	490	19.773528855839	0
9	512	20.773528855839	1
9	513	20.773528855839	0
9	541	21.773528855839	1
9	542	21.773528855839	0
9	567	22.773528855839	1
9	568	22.773528855839	0
9	588	23.773528855839	1
9	589	23.773528855839	0
9	602	24.773528855839	1
9	603	24.773528855839	0
9	626	25.773528855839	1
9	627	25.773528855839	0
9	648	26.773528855839	1
9	649	26.773528855839	0
9	681	27.773528855839	1
9	682	27.773528855839	0
9	714	28.773528855839	1
9	715	28.773528855839	0
9	743	29.773528855839	1
9	744	29.773528855839	0
9	766	30.773528855839	1
9	767	30.773528855839	0
9	793	31.773528855839	1
9	794	31.773528855839	0
9	823	32.773528855839	1
9	824	32.773528855839	0
9	842	33.773528855839	1
9	843	33.773528855839	0
9	881	34.773528855839	1
9	882	34.773528855839	0
9	916	35.773528855839	1
9	917	35.773528855839	0
9	948	36.773528855839	1
9	949	36.773528855839	0
9	977	37.773528855839	1
9	978	37.773528855839	0
9	1000	38.773528855839	1
9	1001	38.773528855839	0
9	1029	39.773528855839	1
9	1030	39.773528855839	0
9	1058	40.773528855839	1
9	1059	40.773528855839	0
9	1090	41.773528855839	1
9	1091	41.773528855839	0
9	1113	42.773528855839	1
9	1114	42.773528855839	0
9	1148	43.773528855839	1
9	1149	43.773528855839	0
9	1171	44.773528855839	1
9	1172	44.773528855839	0
9	1197	45.773528855839	1
9	1198	45.773528855839	0
9	1230	46.773528855839	1
9	1231	46.773528855839	0
9	1265	47.773528855839	1
9	1266	47.773528855839	0
9	1297	48.773528855839	1
9	1298	48.773528855839	0
9	1332	49.773528855839	1
9	1333	49.773528855839	0
9	1361	50.773528855839	1
9	1362	50.773528855839	0
9	1384	51.773528855839	1
9	1385	51.773528855839	0
9	1407	52.773528855839	1
9	1408	52.773528855839	0
9	1430	53.773528855839	1
9	1431	53.773528855839	0
9	1465	54.773528855839	1
9	1466	54.773528855839	0
9	1497	55.773528855839	1
9	1498	55.773528855839	0
9	1523	56.773528855839	1
9	1524	56.773528855839	0
9	1552	57.773528855839	1
9	1553	57.773528855839	0
9	1578	58.773528855839	1
9	1579	58.773528855839	0
9	1607	59.773528855839	1
9	1608	59.773528855839	0
9	1640	60.773528855839	1
9	1641	60.773528855839	0
9	1672	61.773528855839	1
9	1673	61.773528855839	0
9	1710	62.773528855839	1
9	1711	62.773528855839	0
9	1733	63.773528855839	1
9	1734	63.773528855839	0
9	1762	64.773528855839	1
9	1763	64.773528855839	0
9	1797	65.773528855839	1
9	1798	65.773528855839	0
9	1823	66.773528855839	1
9	1824	66.773528855839	0
9	1849	67.773528855839	1
9	1850	67.773528855839	0
9	1881	68.773528855839	1
9	1882	68.773528855839	0
9	1904	69.773528855839	1
9	1905	69.773528855839	0
9	1927	70.773528855839	1
9	1928	70.773528855839	0
9	1950	71.773528855839	1
9	1951	71.773528855839	0
9	1975	72.773528855839	1
9	1976	72.773528855839	0
9	2000	73.773528855839	1
9	2001	73.773528855839	0
9	2029	74.773528855839	1
9	2030	74.773528855839	0
9	2058	75.773528855839	1
9	2059	75.773528855839	0
9	2076	76.773528855839	1
9	2077	76.773528855839	0
9	2109	77.773528855839	1
9	2110	77.773528855839	0
9	2137	78.773528855839	1
9	2138	78.773528855839	0
9	2166	79.773528855839	1
9	2167	79.773528855839	0
9	2192	80.773528855839	1
9	2193	80.773528855839	0
9	2221	81.773528855839	1
9	2222	81.773528855839	0
9	2247	82.773528855839	1
9	2248	82.773528855839	0
9	2279	83.773528855839	1
9	2280	83.773528855839	0
9	2308	84.773528855839	1
9	2309	84.773528855839	0
9	2340	85.773528855839	1
9	2341	85.773528855839	0
9	2366	86.773528855839	1
9	2367	86.773528855839	0
9	2398	87.773528855839	1
9	2399	87.773528855839	0
9	2421	88.773528855839	1
9	2422	88.773528855839	0
9	2447	89.773528855839	1
9	2448	89.773528855839	0
9	2479	90.773528855839	1
9	2480	90.773528855839	0
9	2511	91.773528855839	1
9	2512	91.773528855839	0
9	2537	92.773528855839	1
9	2538	92.773528855839	0
9	2566	93.773528855839	1
9	2567	93.773528855839	0
9	2595	94.773528855839	1
9	2596	94.773528855839	0
9	2624	95.773528855839	1
9	2625	95.773528855839	0
9	2659	96.773528855839	1
9	2660	96.773528855839	0
9	2694	97.773528855839	1
9	2695	97.773528855839	0
9	2726	98.773528855839	1
9	2727	98.773528855839	0
9	2758	99.773528855839	1
9	2759	99.773528855839	0
9	2787	100.773528855839	1
9	2788	100.773528855839	0
9	2819	101.773528855839	1
9	2820	101.773528855839	0
9	2845	102.773528855839	1
9	2846	102.773528855839	0
9	2871	103.773528855839	1
9	2872	103.773528855839	0
9	2903	104.773528855839	1
9	2904	104.773528855839	0
9	2929	105.773528855839	1
9	2930	105.773528855839	0
9	2955	106.773528855839	1
9	2956	106.773528855839	0
9	2987	107.773528855839	1
9	2988	107.773528855839	0
9	3010	108.773528855839	1
9	3011	108.773528855839	0
9	3036	109.773528855839	1
9	3037	109.773528855839	0
9	3065	110.773528855839	1
9	3066	110.773528855839	0
9	3094	111.773528855839	1
9	3095	111.773528855839	0
9	3120	112.773528855839	1
9	3121	112.773528855839	0
9	3143	113.773528855839	1
9	3144	113.773528855839	0
9	3175	114.773528855839	1
9	3176	114.773528855839	0
9	3201	115.773528855839	1
9	3202	115.773528855839	0
9	3233	116.773528855839	1
9	3234	116.773528855839	0
9	3262	117.773528855839	1
9	3263	117.773528855839	0
9	3288	118.773528855839	1
9	3289	118.773528855839	0
9	3320	119.773528855839	1
9	3321	119.773528855839	0
9	3343	120.773528855839	1
9	3344	120.773528855839	0
9	3369	121.773528855839	1
9	3370	121.773528855839	0
9	3398	122.773528855839	1
9	3399	122.773528855839	0
9	3424	123.773528855839	1
9	3425	123.773528855839	0
9	3456	124.773528855839	1
9	3457	124.773528855839	0
9	3485	125.773528855839	1
9	3486	125.773528855839	0
9	3511	126.773528855839	1
9	3512	126.773528855839	0
9	3544	127.773528855839	1
9	3545	127.773528855839	0
9	3576	128.773528855839	1
9	3577	128.773528855839	0
9	3608	129.773528855839	1
9	3609	129.773528855839	0
9	3637	130.773528855839	1
9	3638	130.773528855839	0
9	3669	131.773528855839	1
9	3670	131.773528855839	0
9	3701	132.773528855839	1
9	3702	132.773528855839	0
9	3736	133.773528855839	1
9	3737	133.773528855839	0
9	3768	134.773528855839	1
9	3769	134.773528855839	0
9	3800	135.773528855839	1
9	3801	135.773528855839	0
9	3829	136.773528855839	1
9	3830	136.773528855839	0
9	3855	137.773528855839	1
9	3856	137.773528855839	0
9	3884	138.773528855839	1
9	3885	138.773528855839	0
9	3913	139.773528855839	1
9	3914	139.773528855839	0
9	3945	140.773528855839	1
9	3946	140.773528855839	0
9	3974	141.773528855839	1
9	3975	141.773528855839	0
9	3997	142.773528855839	1
9	3998	142.773528855839	0
9	4026	143.773528855839	1
9	4027	143.773528855839	0
9	4049	144.773528855839	1
9	4050	144.773528855839	0
9	4078	145.773528855839	1
9	4079	145.773528855839	0
9	4116	146.773528855839	1
9	4117	146.773528855839	0
9	4142	147.773528855839	1
9	4143	147.773528855839	0
9	4168	148.773528855839	1
9	4169	148.773528855839	0
9	4197	149.773528855839	1
9	4198	149.773528855839	0
9	4220	150.773528855839	1
9	4221	150.773528855839	0
9	4249	151.773528855839	1
9	4250	151.773528855839	0
9	4272	152.773528855839	1
9	4273	152.773528855839	0
9	4298	153.773528855839	1
9	4299	153.773528855839	0
9	4321	154.773528855839	1
9	4322	154.773528855839	0
9	4356	155.773528855839	1
9	4357	155.773528855839	0
9	4391	156.773528855839	1
9	4392	156.773528855839	0
9	4414	157.773528855839	1
9	4415	157.773528855839	0
9	4443	158.773528855839	1
9	4444	158.773528855839	0
9	4466	159.773528855839	1
9	4467	159.773528855839	0
9	4498	160.773528855839	1
9	4499	160.773528855839	0
9	4536	161.773528855839	1
9	4537	161.773528855839	0
9	4562	162.773528855839	1
9	4563	162.773528855839	0
9	4591	163.773528855839	1
9	4592	163.773528855839	0
9	4617	164.773528855839	1
9	4618	164.773528855839	0
9	4649	165.773528855839	1
9	4650	165.773528855839	0
9	4675	166.773528855839	1
9	4676	166.773528855839	0
9	4704	167.773528855839	1
9	4705	167.773528855839	0
9	4727	168.773528855839	1
9	4728	168.773528855839	0
9	4762	169.773528855839	1
9	4763	169.773528855839	0
9	4788	170.773528855839	1
9	4789	170.773528855839	0
9	4814	171.773528855839	1
9	4815	171.773528855839	0
9	4840	172.773528855839	1
9	4841	172.773528855839	0
9	4875	173.773528855839	1
9	4876	173.773528855839	0
9	4913	174.773528855839	1
9	4914	174.773528855839	0
9	4948	175.773528855839	1
9	4949	175.773528855839	0
9	4977	176.773528855839	1
9	4978	176.773528855839	0
9	5003	177.773528855839	1
9	5004	177.773528855839	0
9	5029	178.773528855839	1
9	5030	178.773528855839	0
9	5055	179.773528855839	1
9	5056	179.773528855839	0
9	5084	180.773528855839	1
9	5085	180.773528855839	0
9	5116	181.773528855839	1
9	5117	181.773528855839	0
9	5145	182.773528855839	1
9	5146	182.773528855839	0
9	5177	183.773528855839	1
9	5178	183.773528855839	0
9	5206	184.773528855839	1
9	5207	184.773528855839	0
9	5232	185.773528855839	1
9	5233	185.773528855839	0
9	5255	186.773528855839	1
9	5256	186.773528855839	0
9	5281	187.773528855839	1
9	5282	187.773528855839	0
9	5307	188.773528855839	1
9	5308	188.773528855839	0
9	5336	189.773528855839	1
9	5337	189.773528855839	0
9	5365	190.773528855839	1
9	5366	190.773528855839	0
9	5391	191.773528855839	1
9	5392	191.773528855839	0
9	5420	192.773528855839	1
9	5421	192.773528855839	0
9	5449	193.773528855839	1
9	5450	193.773528855839	0
9	5475	194.773528855839	1
9	5476	194.773528855839	0
9	5516	195.773528855839	1
9	5517	195.773528855839	0
9	5545	196.773528855839	1
9	5546	196.773528855839	0
9	5568	197.773528855839	1
9	5569	197.773528855839	0
9	5596	198.773528855839	1
9	5597	198.773528855839	0
9	5621	199.773528855839	1
9	5622	199.773528855839	0
10	347	14.773628855839	1
10	385	15.773628855839	1
10	411	16.773628855839	1
10	437	17.773628855839	1
10	460	18.773628855839	1
10	492	19.773628855839	1
10	515	20.773628855839	1
10	544	21.773628855839	1
10	570	22.773628855839	1
10	591	23.773628855839	1
10	605	24.773628855839	1
10	629	25.773628855839	1
10	651	26.773628855839	1
10	684	27.773628855839	1
10	717	28.773628855839	1
10	746	29.773628855839	1
10	769	30.773628855839	1
10	796	31.773628855839	1
10	826	32.773628855839	1
10	845	33.773628855839	1
10	884	34.773628855839	1
10	919	35.773628855839	1
10	951	36.773628855839	1
10	980	37.773628855839	1
10	1003	38.773628855839	1
10	1032	39.773628855839	1
10	1061	40.773628855839	1
10	1093	41.773628855839	1
10	1116	42.773628855839	1
10	1151	43.773628855839	1
10	1174	44.773628855839	1
10	1200	45.773628855839	1
10	1233	46.773628855839	1
10	1268	47.773628855839	1
10	1300	48.773628855839	1
10	1335	49.773628855839	1
10	1364	50.773628855839	1
10	1387	51.773628855839	1
10	1410	52.773628855839	1
10	1433	53.773628855839	1
10	1468	54.773628855839	1
10	1500	55.773628855839	1
10	1526	56.773628855839	1
10	1555	57.773628855839	1
10	1581	58.773628855839	1
10	1610	59.773628855839	1
10	1643	60.773628855839	1
10	1675	61.773628855839	1
10	1713	62.773628855839	1
10	1736	63.773628855839	1
10	1765	64.773628855839	1
10	1800	65.773628855839	1
10	1826	66.773628855839	1
10	1852	67.773628855839	1
10	1884	68.773628855839	1
10	1907	69.773628855839	1
10	1930	70.773628855839	1
10	1953	71.773628855839	1
10	1978	72.773628855839	1
10	2003	73.773628855839	1
10	2032	74.773628855839	1
10	2061	75.773628855839	1
10	2079	76.773628855839	1
10	2112	77.773628855839	1
10	2140	78.773628855839	1
10	2169	79.773628855839	1
10	2195	80.773628855839	1
10	2224	81.773628855839	1
10	2250	82.773628855839	1
10	2282	83.773628855839	1
10	2311	84.773628855839	1
10	2343	85.773628855839	1
10	2369	86.773628855839	1
10	2401	87.773628855839	1
10	2424	88.773628855839	1
10	2450	89.773628855839	1
10	2482	90.773628855839	1
10	2514	91.773628855839	1
10	2540	92.773628855839	1
10	2569	93.773628855839	1
10	2598	94.773628855839	1
10	2627	95.773628855839	1
10	2662	96.773628855839	1
10	2697	97.773628855839	1
10	2729	98.773628855839	1
10	2761	99.773628855839	1
10	2790	100.773628855839	1
10	2822	101.773628855839	1
10	2848	102.773628855839	1
10	2874	103.773628855839	1
10	2906	104.773628855839	1
10	2932	105.773628855839	1
10	2958	106.773628855839	1
10	2990	107.773628855839	1
10	3013	108.773628855839	1
10	3039	109.773628855839	1
10	3068	110.773628855839	1
10	3097	111.773628855839	1
10	3123	112.773628855839	1
10	3146	113.773628855839	1
10	3178	114.773628855839	1
10	3204	115.773628855839	1
10	3236	116.773628855839	1
10	3265	117.773628855839	1
10	3291	118.773628855839	1
10	3323	119.773628855839	1
10	3346	120.773628855839	1
10	3372	121.773628855839	1
10	3401	122.773628855839	1
10	3427	123.773628855839	1
10	3459	124.773628855839	1
10	3488	125.773628855839	1
10	3514	126.773628855839	1
10	3547	127.773628855839	1
10	3579	128.773628855839	1
10	3611	129.773628855839	1
10	3640	130.773628855839	1
10	3672	131.773628855839	1
10	3704	132.773628855839	1
10	3739	133.773628855839	1
10	3771	134.773628855839	1
10	3803	135.773628855839	1
10	3832	136.773628855839	1
10	3858	137.773628855839	1
10	3887	138.773628855839	1
10	3916	139.773628855839	1
10	3948	140.773628855839	1
10	3977	141.773628855839	1
10	4000	142.773628855839	1
10	4029	143.773628855839	1
10	4052	144.773628855839	1
10	4081	145.773628855839	1
10	4119	146.773628855839	1
10	4145	147.773628855839	1
10	4171	148.773628855839	1
10	4200	149.773628855839	1
10	4223	150.773628855839	1
10	4252	151.773628855839	1
10	4275	152.773628855839	1
10	4301	153.773628855839	1
10	4324	154.773628855839	1
10	4359	155.773628855839	1
10	4394	156.773628855839	1
10	4417	157.773628855839	1
10	4446	158.773628855839	1
10	4469	159.773628855839	1
10	4501	160.773628855839	1
10	4539	161.773628855839	1
10	4565	162.773628855839	1
10	4594	163.773628855839	1
10	4620	164.773628855839	1
10	4652	165.773628855839	1
10	4678	166.773628855839	1
10	4707	167.773628855839	1
10	4730	168.773628855839	1
10	4765	169.773628855839	1
10	4791	170.773628855839	1
10	4817	171.773628855839	1
10	4843	172.773628855839	1
10	4878	173.773628855839	1
10	4916	174.773628855839	1
10	4951	175.773628855839	1
10	4980	176.773628855839	1
10	5006	177.773628855839	1
10	5032	178.773628855839	1
10	5058	179.773628855839	1
10	5087	180.773628855839	1
10	5119	181.773628855839	1
10	5148	182.773628855839	1
10	5180	183.773628855839	1
10	5209	184.773628855839	1
10	5235	185.773628855839	1
10	5258	186.773628855839	1
10	5284	187.773628855839	1
10	5310	188.773628855839	1
10	5339	189.773628855839	1
10	5368	190.773628855839	1
10	5394	191.773628855839	1
10	5423	192.773628855839	1
10	5452	193.773628855839	1
10	5478	194.773628855839	1
10	5519	195.773628855839	1
10	5548	196.773628855839	1
10	5571	197.773628855839	1
10	5599	198.773628855839	1
10	5624	199.773628855839	1
11	348	14.773628855839	10.247859449579
11	386	15.773628855839	10.209700148915
11	412	16.773628855839	10.634180952032
11	438	17.773628855839	8.260660835056
11	461	18.773628855839	10.410656529996
11	493	19.773628855839	8.691764717433
11	516	20.773628855839	12.092300389154
11	545	21.773628855839	9.93909060412
11	571	22.773628855839	13.608698284206
11	592	23.773628855839	11.09965775122
11	606	24.773628855839	14.959251935955
11	630	25.773628855839	14.28704073563
11	652	26.773628855839	12.291288486945
11	685	27.773628855839	13.21760313148
11	718	28.773628855839	13.806025135237
11	747	29.773628855839	14.714864109113
11	770	30.773628855839	18.633158168409
11	797	31.773628855839	15.670251600805
11	827	32.773628855839	20.134286159393
11	846	33.773628855839	18.536032073544
11	885	34.773628855839	19.515606485145
11	920	35.773628855839	16.520081672129
11	952	36.773628855839	21.05635834789
11	981	37.773628855839	20.268870684451
11	1004	38.773628855839	17.479189456217
11	1033	39.773628855839	20.763086425814
11	1062	40.773628855839	18.837480283539
11	1094	41.773628855839	22.611855572149
11	1117	42.773628855839	21.571541314207
11	1152	43.773628855839	20.232240726477
11	1175	44.773628855839	19.618238651584
11	1201	45.773628855839	19.883274230394
11	1234	46.773628855839	19.747335288684
11	1269	47.773628855839	22.726319445065
11	1301	48.773628855839	21.621460879246
11	1336	49.773628855839	24.107389985438
11	1365	50.773628855839	22.346233177022
11	1388	51.773628855839	23.191503496522
11	1411	52.773628855839	25.590854011448
11	1434	53.773628855839	24.420668838055
11	1469	54.773628855839	26.569422137099
11	1501	55.773628855839	24.999304157961
11	1527	56.773628855839	27.697100942057
11	1556	57.773628855839	26.261476866205
11	1582	58.773628855839	27.149530705572
11	1611	59.773628855839	27.613964985344
11	1644	60.773628855839	28.306684633191
11	1676	61.773628855839	29.100481351161
11	1714	62.773628855839	30.80268046407
11	1737	63.773628855839	29.765191166537
11	1766	64.773628855839	30.156108743354
11	1801	65.773628855839	31.010830716062
11	1827	66.773628855839	31.991862146861
11	1853	67.773628855839	35.160985762039
11	1885	68.773628855839	33.600091336184
11	1908	69.773628855839	35.672730936287
11	1931	70.773628855839	34.638710397118
11	1954	71.773628855839	35.387268465043
11	1979	72.773628855839	35.898711415735
11	2004	73.773628855839	39.42868244555
11	2033	74.773628855839	39.588347739938
11	2062	75.773628855839	40.426211250492
11	2080	76.773628855839	37.020796394457
11	2113	77.773628855839	41.479214573317
11	2141	78.773628855839	38.423050317639
11	2170	79.773628855839	38.977531822588
11	2196	80.773628855839	43.519666595949
11	2225	81.773628855839	40.402999415847
11	2251	82.773628855839	43.190753221735
11	2283	83.773628855839	43.045614267035
11	2312	84.773628855839	41.076648354153
11	2344	85.773628855839	44.096119683538
11	2370	86.773628855839	41.977735886602
11	2402	87.773628855839	44.900011884081
11	2425	88.773628855839	42.918901755114
11	2451	89.773628855839	46.795450658306
11	2483	90.773628855839	43.808304309427
11	2515	91.773628855839	48.73333536784
11	2541	92.773628855839	45.670275620999
11	2570	93.773628855839	45.281232931208
11	2599	94.773628855839	48.233121683385
11	2628	95.773628855839	46.829130870983
11	2663	96.773628855839	50.045695617367
11	2698	97.773628855839	47.984703077455
11	2730	98.773628855839	51.809488911284
11	2762	99.773628855839	52.366084882663
11	2791	100.773628855839	52.98712291838
11	2823	101.773628855839	53.051061358609
11	2849	102.773628855839	48.530206231279
11	2875	103.773628855839	49.295904712503
11	2907	104.773628855839	55.657948801305
11	2933	105.773628855839	50.287885467083
11	2959	106.773628855839	57.618765644892
11	2991	107.773628855839	58.041441334085
11	3014	108.773628855839	52.229142751989
11	3040	109.773628855839	52.357226898363
11	3069	110.773628855839	60.035570328918
11	3098	111.773628855839	54.065146365096
11	3124	112.773628855839	54.530081688013
11	3147	113.773628855839	59.842623686864
11	3179	114.773628855839	55.902140107022
11	3205	115.773628855839	56.258359105419
11	3237	116.773628855839	62.734988578708
11	3266	117.773628855839	57.97808209694
11	3292	118.773628855839	63.677162165356
11	3324	119.773628855839	59.001218022869
11	3347	120.773628855839	59.588716792947
11	3373	121.773628855839	66.50124861993
11	3402	122.773628855839	60.520644595797
11	3428	123.773628855839	61.371932326545
11	3460	124.773628855839	64.141148269687
11	3489	125.773628855839	64.968020813541
11	3515	126.773628855839	62.865296993272
11	3548	127.773628855839	63.405283035532
11	3580	128.773628855839	67.851065403749
11	3612	129.773628855839	64.319013654654
11	3641	130.773628855839	68.727897102216
11	3673	131.773628855839	69.346341258842
11	3705	132.773628855839	65.598681996937
11	3740	133.773628855839	71.127460662335
11	3772	134.773628855839	66.478867631183
11	3804	135.773628855839	67.377832855874
11	3833	136.773628855839	71.140270770483
11	3859	137.773628855839	72.126606192052
11	3888	138.773628855839	73.024461310527
11	3917	139.773628855839	73.049359376371
11	3949	140.773628855839	68.80424448353
11	3978	141.773628855839	73.229540457087
11	4001	142.773628855839	68.698923182738
11	4030	143.773628855839	69.641596256314
11	4053	144.773628855839	72.480508997503
11	4082	145.773628855839	70.713117759413
11	4120	146.773628855839	73.848172401107
11	4146	147.773628855839	72.113170872772
11	4172	148.773628855839	75.135588807774
11	4201	149.773628855839	72.76892560062
11	4224	150.773628855839	73.748735472474
11	4253	151.773628855839	74.708759173416
11	4276	152.773628855839	75.125880784549
11	4302	153.773628855839	76.37366152327
11	4325	154.773628855839	77.041251282306
11	4360	155.773628855839	77.913194516995
11	4395	156.773628855839	75.234310661704
11	4418	157.773628855839	75.699426285947
11	4447	158.773628855839	80.467775055075
11	4470	159.773628855839	81.116598965694
11	4502	160.773628855839	81.46095268133
11	4540	161.773628855839	77.195514502862
11	4566	162.773628855839	83.334564044905
11	4595	163.773628855839	78.362670986796
11	4621	164.773628855839	84.167690518356
11	4653	165.773628855839	84.784989569494
11	4679	166.773628855839	79.359430464289
11	4708	167.773628855839	80.260780155871
11	4731	168.773628855839	85.660752372492
11	4766	169.773628855839	86.59445497101
11	4792	170.773628855839	80.720475647912
11	4818	171.773628855839	81.633705165572
11	4844	172.773628855839	89.350059522928
11	4879	173.773628855839	89.170869995863
11	4917	174.773628855839	89.334772463893
11	4952	175.773628855839	82.984449236896
11	4981	176.773628855839	83.843118523335
11	5007	177.773628855839	92.026357623795
11	5033	178.773628855839	84.801337869156
11	5059	179.773628855839	93.315109686578
11	5088	180.773628855839	85.541404059047
11	5120	181.773628855839	94.574350736131
11	5149	182.773628855839	87.199749892021
11	5181	183.773628855839	87.892232168259
11	5210	184.773628855839	88.689881729692
11	5236	185.773628855839	96.088768379154
11	5259	186.773628855839	89.806752687733
11	5285	187.773628855839	90.786440228937
11	5311	188.773628855839	91.606187976952
11	5340	189.773628855839	99.23087273808
11	5369	190.773628855839	99.905532322551
11	5395	191.773628855839	92.840446904539
11	5424	192.773628855839	101.52197210845
11	5453	193.773628855839	93.997363872391
11	5479	194.773628855839	103.51257135779
11	5520	195.773628855839	94.668605998641
11	5549	196.773628855839	104.4117254477
11	5572	197.773628855839	96.100701845161
11	5600	198.773628855839	96.814680872653
11	5625	199.773628855839	105.5643977967

